           1  0.85297538917273985     
           2  0.64761381831625264     
           3  0.37957358455799944     
           4  0.33619563937748848     
           5  0.25168852313220552     
           6  0.22052196707709901     
           7  0.18958639219453138     
           8  0.15852995013289847     
           9  0.14507676284831902     
          10  0.13122322214982216     
          11  0.11686662407071224     
          12  0.10567648559067733     
          13   9.9177678697390040E-002
          14   9.1916927588752667E-002
          15   8.4632890884645304E-002
          16   7.8106230557374368E-002
          17   7.4438900278366082E-002
          18   7.0432679584620614E-002
          19   6.6343480269800845E-002
          20   6.2328865060083852E-002
          21   5.8991124938353720E-002
          22   5.6687811524269820E-002
          23   5.4270809629532332E-002
          24   5.1823369987459726E-002
          25   4.9402480621822398E-002
          26   4.7045865129107960E-002
          27   4.5487923863500895E-002
          28   4.3972853210330794E-002
          29   4.2427552061575134E-002
          30   4.0879694064610596E-002
          31   3.9349545577437972E-002
          32   3.7851612371320016E-002
          33   3.6772841492879960E-002
          34   3.5765643811535741E-002
          35   3.4742501765296065E-002
          36   3.3715820307719684E-002
          37   3.2695251757728742E-002
          38   3.1688200048965040E-002
          39   3.0724596395111395E-002
          40   3.0038592533898935E-002
          41   2.9339616509641182E-002
          42   2.8634360477472001E-002
          43   2.7928295428497129E-002
          44   2.7225854720908802E-002
          45   2.6530595090342987E-002
          46   2.5845336412068813E-002
          47   2.5303592179437989E-002
          48   2.4808230888445672E-002
          49   2.4308453450055750E-002
          50   2.3807165167154951E-002
          51   2.3306805941239111E-002
          52   2.2813094876078580E-002
          53   2.2390834654870025E-002
          54   2.2043820462557418E-002
          55   2.1691368062338914E-002
          56   2.1335240189514312E-002
          57   2.0976979232103000E-002
          58   2.0630079330807662E-002
          59   2.0296183118357760E-002
          60   1.9961642737940582E-002
          61   1.9650425214316272E-002
          62   1.9379067670427141E-002
          63   1.9104472849467258E-002
          64   1.8827650473198867E-002
          65   1.8549498039343453E-002
          66   1.8286565926575966E-002
          67   1.8026574449351556E-002
          68   1.7766014939993840E-002
          69   1.7507416957693658E-002
          70   1.7293452919393031E-002
          71   1.7077161771913395E-002
          72   1.6859177477678233E-002
          73   1.6640071629988755E-002
          74   1.6430119164231080E-002
          75   1.6224801909389713E-002
          76   1.6018802775060983E-002
          77   1.5812543094173941E-002
          78   1.5614355608749858E-002
          79   1.5442267554004185E-002
          80   1.5268701549420666E-002
          81   1.5094046830676177E-002
          82   1.4918658131736890E-002
          83   1.4754384435159243E-002
          84   1.4589615248396560E-002
          85   1.4424337137649757E-002
          86   1.4258822770558828E-002
          87   1.4093319977882152E-002
          88   1.3951720125908278E-002
          89   1.3811235492392228E-002
          90   1.3669910885579610E-002
          91   1.3527982660027311E-002
          92   1.3393151670848390E-002
          93   1.3259548952718520E-002
          94   1.3125469470081882E-002
          95   1.2991101337445413E-002
          96   1.2856617397361315E-002
          97   1.2724450492717145E-002
          98   1.2609824698122281E-002
          99   1.2494467387631238E-002
         100   1.2378544885497800E-002
         101   1.2262993151561504E-002
         102   1.2153721489960327E-002
         103   1.2043962991250398E-002
         104   1.1933853895914287E-002
         105   1.1823520588469411E-002
         106   1.1713080166677775E-002
         107   1.1602640986088783E-002
         108   1.1504915911690403E-002
         109   1.1409529615822886E-002
         110   1.1313700647129745E-002
         111   1.1217535655761798E-002
         112   1.1126264992706086E-002
         113   1.1035381426418005E-002
         114   1.0944191867469913E-002
         115   1.0852785829455524E-002
         116   1.0761246884703611E-002
         117   1.0669652978313333E-002
         118   1.0578493818753419E-002
         119   1.0499101373639831E-002
         120   1.0419322955291452E-002
         121   1.0339235719986616E-002
         122   1.0259309165072944E-002
         123   1.0183536809050209E-002
         124   1.0107471380834209E-002
         125   1.0031178962570740E-002
         126   9.9547216772759468E-003
         127   9.8781578772613246E-003
         128   9.8015423260021193E-003
         129   9.7249263734170491E-003
         130   9.6557927898233385E-003
         131   9.5886832503425772E-003
         132   9.5213283579056868E-003
         133   9.4537797876691650E-003
         134   9.3888854219671709E-003
         135   9.3248253332454418E-003
         136   9.2605721210079501E-003
         137   9.1961708481879140E-003
         138   9.1316640812770539E-003
         139   9.0670920000024482E-003
         140   9.0024925034533319E-003
         141   8.9380241387991676E-003
         142   8.8812624717934541E-003
         143   8.8242862087447738E-003
         144   8.7671336260130833E-003
         145   8.7098410420332686E-003
         146   8.6548974981998754E-003
         147   8.6004679538537257E-003
         148   8.5458930470698590E-003
         149   8.4912049397918663E-003
         150   8.4364341511782622E-003
         151   8.3816096240340188E-003
         152   8.3267587892676652E-003
         153   8.2719076283683766E-003
         154   8.2220872552801975E-003
         155   8.1734798769458553E-003
         156   8.1247305328244479E-003
         157   8.0758657874293767E-003
         158   8.0275116521370624E-003
         159   7.9810319191000578E-003
         160   7.9344295413763186E-003
         161   7.8877283516897174E-003
         162   7.8409510624443315E-003
         163   7.7941193073460743E-003
         164   7.7472536819024416E-003
         165   7.7003737827992247E-003
         166   7.6539287874854119E-003
         167   7.6122697310532323E-003
         168   7.5704859795775294E-003
         169   7.5285976133508117E-003
         170   7.4866238310892256E-003
         171   7.4446945067680225E-003
         172   7.4047090152313689E-003
         173   7.3646297395064189E-003
         174   7.3244741067973801E-003
         175   7.2842587839896849E-003
         176   7.2439997038302277E-003
         177   7.2037120904621726E-003
         178   7.1634104842996120E-003
         179   7.1231087662480697E-003
         180   7.0867203737381701E-003
         181   7.0506545995035700E-003
         182   7.0145035437796585E-003
         183   6.9782815628083809E-003
         184   6.9420024224481911E-003
         185   6.9060689382712962E-003
         186   6.8714485188500953E-003
         187   6.8367621956176450E-003
         188   6.8020225985597118E-003
         189   6.7672418426373872E-003
         190   6.7324315443527344E-003
         191   6.6976028379251654E-003
         192   6.6627663910781365E-003
         193   6.6288605910744588E-003
         194   6.5976083521216934E-003
         195   6.5662808632145336E-003
         196   6.5348891709062053E-003
         197   6.5034439010037476E-003
         198   6.4719552711400502E-003
         199   6.4404331030832361E-003
         200   6.4099287793157461E-003
         201   6.3797917069344035E-003
         202   6.3496125565777137E-003
         203   6.3194004294686423E-003
         204   6.2891640779092900E-003
         205   6.2589119158235696E-003
         206   6.2286520290665819E-003
         207   6.1988233791956567E-003
         208   6.1715780620073641E-003
         209   6.1442714606961728E-003
         210   6.1169119746190600E-003
         211   6.0895077047570089E-003
         212   6.0620664620203201E-003
         213   6.0345957754014603E-003
         214   6.0071028999612031E-003
         215   5.9802283082709094E-003
         216   5.9539087268247783E-003
         217   5.9275592189810310E-003
         218   5.9011865652780961E-003
         219   5.8747973025511258E-003
         220   5.8483977308271106E-003
         221   5.8219939200794416E-003
         222   5.7970399347735012E-003
         223   5.7731608073301006E-003
         224   5.7492349068392987E-003
         225   5.7252685667941138E-003
         226   5.7012679095744187E-003
         227   5.6772388519640716E-003
         228   5.6531871105618978E-003
         229   5.6291182070976426E-003
         230   5.6050374736428014E-003
         231   5.5815996584016566E-003
         232   5.5585151046372277E-003
         233   5.5354118262395521E-003
         234   5.5122948463001724E-003
         235   5.4891690177014943E-003
         236   5.4660390276496584E-003
         237   5.4440715021188335E-003
         238   5.4230887020099991E-003
         239   5.4020675550484542E-003
         240   5.3810129619558363E-003
         241   5.3599296703788742E-003
         242   5.3388222786313428E-003
         243   5.3176952393677677E-003
         244   5.2965528631983439E-003
         245   5.2753993222354944E-003
         246   5.2542386535808618E-003
         247   5.2331700963429411E-003
         248   5.2128687278173227E-003
         249   5.1925542581943976E-003
         250   5.1722305154209419E-003
         251   5.1519012053172740E-003
         252   5.1316780974576303E-003
         253   5.1131998506317071E-003
         254   5.0946882580981670E-003
         255   5.0761471950332253E-003
         256   5.0575804232048539E-003
         257   5.0389915935566219E-003
         258   5.0203842487564878E-003
         259   5.0017618257012370E-003
         260   4.9831276579842178E-003
         261   4.9644849783165969E-003
         262   4.9458369209128272E-003
         263   4.9271865238318001E-003
         264   4.9085900332607058E-003
         265   4.8906848011963456E-003
         266   4.8727720549719021E-003
         267   4.8548546915835565E-003
         268   4.8371908002931953E-003
         269   4.8208627400740641E-003
         270   4.8045074834294869E-003
         271   4.7881280638997770E-003
         272   4.7717274312504901E-003
         273   4.7553084532682309E-003
         274   4.7388739175323186E-003
         275   4.7224265331598124E-003
         276   4.7059689325228589E-003
         277   4.6895036729397554E-003
         278   4.6730332383405886E-003
         279   4.6565600409049571E-003
         280   4.6400864226701982E-003
         281   4.6236146571192668E-003
         282   4.6076402131761569E-003
         283   4.5918189886091079E-003
         284   4.5759951057065462E-003
         285   4.5613745336288859E-003
         286   4.5469115466495076E-003
         287   4.5324275258291887E-003
         288   4.5179248250620373E-003
         289   4.5034057365018702E-003
         290   4.4888724918167927E-003
         291   4.4743272634276202E-003
         292   4.4597721657265799E-003
         293   4.4452092562808441E-003
         294   4.4306405370160770E-003
         295   4.4160679553840081E-003
         296   4.4014934055131537E-003
         297   4.3869187293362104E-003
         298   4.3723457177074826E-003
         299   4.3580737421056795E-003
         300   4.3440835983733130E-003
         301   4.3303881292378783E-003
         302   4.3175951794794561E-003
         303   4.3047829125000244E-003
         304   4.2919532343112183E-003
         305   4.2791080037563947E-003
         306   4.2662490334112648E-003
         307   4.2533780904746056E-003
         308   4.2404968976503064E-003
         309   4.2276071340150729E-003
         310   4.2147104358726583E-003
         311   4.2018083976015069E-003
         312   4.1889025724845151E-003
         313   4.1759944735313753E-003
         314   4.1630855742876170E-003
         315   4.1501773096280998E-003
         316   4.1376499797005327E-003
         317   4.1252698193552989E-003
         318   4.1132647075842223E-003
         319   4.1019333310878042E-003
         320   4.0905849419789432E-003
         321   4.0792210671968159E-003
         322   4.0678431978992133E-003
         323   4.0564527901067468E-003
         324   4.0450512653487447E-003
         325   4.0336400112950151E-003
         326   4.0222203823829846E-003
         327   4.0107937004347444E-003
         328   3.9993612552681572E-003
         329   3.9879243052973745E-003
         330   3.9764840781287602E-003
         331   3.9650417711437399E-003
         332   3.9539527588341832E-003
         333   3.9429961844623662E-003
         334   3.9320343053716499E-003
         335   3.9213433648976146E-003
         336   3.9113087078078649E-003
         337   3.9012580844057475E-003
         338   3.8911927367734698E-003
         339   3.8811138795508682E-003
         340   3.8710227004053062E-003
         341   3.8609203604991877E-003
         342   3.8508079949521844E-003
         343   3.8406867132935066E-003
         344   3.8305575999155132E-003
         345   3.8204217145147634E-003
         346   3.8102800925334619E-003
         347   3.8004941329310873E-003
         348   3.7908031449131081E-003
         349   3.7811034340977088E-003
         350   3.7713960037726807E-003
         351   3.7616818347702571E-003
         352   3.7520940220506041E-003
         353   3.7432055820003167E-003
         354   3.7343013640627853E-003
         355   3.7253823948365712E-003
         356   3.7164496796647899E-003
         357   3.7075042029854604E-003
         358   3.6985469286657541E-003
         359   3.6895788003439623E-003
         360   3.6806109793424795E-003
         361   3.6720658096680856E-003
         362   3.6635070033229039E-003
         363   3.6549354769840540E-003
         364   3.6463521285802561E-003
         365   3.6377578375925215E-003
         366   3.6291534653551390E-003
         367   3.6205398553495697E-003
         368   3.6119178334993621E-003
         369   3.6033286077840777E-003
         370   3.5954458868514348E-003
         371   3.5875470301386368E-003
         372   3.5796329008097368E-003
         373   3.5719170942267609E-003
         374   3.5643955519004907E-003
         375   3.5568561333998655E-003
         376   3.5492996802032693E-003
         377   3.5417270181176399E-003
         378   3.5341389575045587E-003
         379   3.5265362935122313E-003
         380   3.5189198062981026E-003
         381   3.5112902612525272E-003
         382   3.5036484092216993E-003
         383   3.4959999774217499E-003
         384   3.4887084600584081E-003
         385   3.4814023853205426E-003
         386   3.4740824840114076E-003
         387   3.4672841272835493E-003
         388   3.4606469019948269E-003
         389   3.4539889532191710E-003
         390   3.4473110447620458E-003
         391   3.4406139274593605E-003
         392   3.4338983393520429E-003
         393   3.4271652584248230E-003
         394   3.4207717962025487E-003
         395   3.4143578129546821E-003
         396   3.4079240294661610E-003
         397   3.4014711546170792E-003
         398   3.3949998855383463E-003
         399   3.3885109077598104E-003
         400   3.3820048953652642E-003
         401   3.3754825111396974E-003
         402   3.3691440637060393E-003
         403   3.3629007901599278E-003
         404   3.3572527833525267E-003
         405   3.3516426116617509E-003
         406   3.3460075203835126E-003
         407   3.3403482065860633E-003
         408   3.3346653569684961E-003
         409   3.3289596479738038E-003
         410   3.3234664675791266E-003
         411   3.3180072992780047E-003
         412   3.3125238253961828E-003
         413   3.3070167080136072E-003
         414   3.3014865995928460E-003
         415   3.2959341430781079E-003
         416   3.2904199601170372E-003
         417   3.2850731397928573E-003
         418   3.2797029016479466E-003
         419   3.2743098739133223E-003
         420   3.2693154331674360E-003
         421   3.2645086818307201E-003
         422   3.2596736221344549E-003
         423   3.2550298652411296E-003
         424   3.2503601711294404E-003
         425   3.2456614489824514E-003
         426   3.2409343460658132E-003
         427   3.2361795013356146E-003
         428   3.2314706393855113E-003
         429   3.2268378448374311E-003
         430   3.2221770101942462E-003
         431   3.2174887593163035E-003
         432   3.2127737081265261E-003
         433   3.2080324646779870E-003
         434   3.2033040536449814E-003
         435   3.1986457975992991E-003
         436   3.1945560406628666E-003
         437   3.1904340471588682E-003
         438   3.1862804522146465E-003
         439   3.1820958835440919E-003
         440   3.1778809614966459E-003
         441   3.1736362991093242E-003
         442   3.1693796584384578E-003
         443   3.1651661324535812E-003
         444   3.1609234400602564E-003
         445   3.1566521773960560E-003
         446   3.1523529335010418E-003
         447   3.1480262903690734E-003
         448   3.1436728229974607E-003
         449   3.1392930994384441E-003
         450   3.1348876808522321E-003
         451   3.1307901567502621E-003
         452   3.1268670119672581E-003
         453   3.1229139777586897E-003
         454   3.1189316310707925E-003
         455   3.1149205422860812E-003
         456   3.1108812752645475E-003
         457   3.1068143873888665E-003
         458   3.1027204296026497E-003
         459   3.0985999464569975E-003
         460   3.0944534761543560E-003
         461   3.0902815505891188E-003
         462   3.0861003231909493E-003
         463   3.0819168464312416E-003
         464   3.0777088448658706E-003
         465   3.0734768333726143E-003
         466   3.0692675784482768E-003
         467   3.0654641014952514E-003
         468   3.0616330702919873E-003
         469   3.0577750113845660E-003
         470   3.0538904454172492E-003
         471   3.0499798871709933E-003
         472   3.0460438455997313E-003
         473   3.0420828238697543E-003
         474   3.0380973193968284E-003
         475   3.0340878238869582E-003
         476   3.0300548233738391E-003
         477   3.0259987982601015E-003
         478   3.0219202233570334E-003
         479   3.0178195679242061E-003
         480   3.0136972957115747E-003
         481   3.0095538649992292E-003
         482   3.0054584608514164E-003
         483   3.0016923019647950E-003
         484   2.9979020144718380E-003
         485   2.9940880651940236E-003
         486   2.9902509157298455E-003
         487   2.9863910224890277E-003
         488   2.9825088367296942E-003
         489   2.9786048045894187E-003
         490   2.9746793671248388E-003
         491   2.9707329603449141E-003
         492   2.9667660152464877E-003
         493   2.9627789578532768E-003
         494   2.9587722092491329E-003
         495   2.9547461856166981E-003
         496   2.9507012982729042E-003
         497   2.9466379537082020E-003
         498   2.9425565536208703E-003
         499   2.9387862921006120E-003
         500   2.9350349333049463E-003
         501   2.9312630417182850E-003
         502   2.9274710252509364E-003
         503   2.9236592872309898E-003
         504   2.9198282264355298E-003
         505   2.9159782371248714E-003
         506   2.9121097090730672E-003
         507   2.9082230276016056E-003
         508   2.9043185736121260E-003
         509   2.9003967236187482E-003
         510   2.8964578497825328E-003
         511   2.8925023199431869E-003
         512   2.8885304976525006E-003
         513   2.8845427422102337E-003
         514   2.8805394086931944E-003
         515   2.8766017112174963E-003
         516   2.8728904938442146E-003
         517   2.8691616224389483E-003
         518   2.8654154562840631E-003
         519   2.8616523506252937E-003
         520   2.8578726566980163E-003
         521   2.8540767217605299E-003
         522   2.8502648891206997E-003
         523   2.8464374981674386E-003
         524   2.8425948843990531E-003
         525   2.8387373794553960E-003
         526   2.8348653111457361E-003
         527   2.8309790034781266E-003
         528   2.8270787766930703E-003
         529   2.8231649472900589E-003
         530   2.8192378280595524E-003
         531   2.8152977281122094E-003
         532   2.8114021383227202E-003
         533   2.8077192388277325E-003
         534   2.8040216247307509E-003
         535   2.8003096079114421E-003
         536   2.7965834967284705E-003
         537   2.7928435960442245E-003
         538   2.7890902072538752E-003
         539   2.7853236283101896E-003
         540   2.7815441537520766E-003
         541   2.7777520747311575E-003
         542   2.7739476790377055E-003
         543   2.7701312511296860E-003
         544   2.7663030721579562E-003
         545   2.7624634199939920E-003
         546   2.7586125692571350E-003
         547   2.7547507913409852E-003
         548   2.7508783544419020E-003
         549   2.7469955235836932E-003
         550   2.7432800564992001E-003
         551   2.7396227817299344E-003
         552   2.7359536675568576E-003
         553   2.7322729807774510E-003
         554   2.7285809851506754E-003
         555   2.7248779414232194E-003
         556   2.7211641073519414E-003
         557   2.7174397377286415E-003
         558   2.7137050844041797E-003
         559   2.7099603963135917E-003
         560   2.7062059194979866E-003
         561   2.7024418971316462E-003
         562   2.6986685695433435E-003
         563   2.6948861742421095E-003
         564   2.6910949459417739E-003
         565   2.6872951165819508E-003
         566   2.6834869153559500E-003
         567   2.6796705687316871E-003
         568   2.6760120567202307E-003
         569   2.6723943803853749E-003
         570   2.6687673505744751E-003
         571   2.6651311947735175E-003
         572   2.6614861378573438E-003
         573   2.6578324021125374E-003
         574   2.6541702072592861E-003
         575   2.6504997704720605E-003
         576   2.6468213064021573E-003
         577   2.6431350271965567E-003
         578   2.6394411425243402E-003
         579   2.6357398595917452E-003
         580   2.6320313831688716E-003
         581   2.6283159156071764E-003
         582   2.6245936568634193E-003
         583   2.6208648045179896E-003
         584   2.6171295537992757E-003
         585   2.6133880975999922E-003
         586   2.6097021016248489E-003
         587   2.6061363938043184E-003
         588   2.6025634677987273E-003
         589   2.5989835169594878E-003
         590   2.5953967324041649E-003
         591   2.5918033030327605E-003
         592   2.5882034155507599E-003
         593   2.5845972544844904E-003
         594   2.5809850022021751E-003
         595   2.5773668389318773E-003
         596   2.5737429427802137E-003
         597   2.5701134897518079E-003
         598   2.5664786537670614E-003
         599   2.5628386066805049E-003
         600   2.5591935183015978E-003
         601   2.5555435564088669E-003
         602   2.5518888867725182E-003
         603   2.5482296731705535E-003
         604   2.5445660774063199E-003
         605   2.5409588215294064E-003
         606   2.5374503417988567E-003
         607   2.5339366301650552E-003
         608   2.5304178485524584E-003
         609   2.5268941569955416E-003
         610   2.5233657136542078E-003
         611   2.5198326748313220E-003
         612   2.5162951949885830E-003
         613   2.5127534267629786E-003
         614   2.5092075209839598E-003
         615   2.5056576266878016E-003
         616   2.5021038911360706E-003
         617   2.4985464598299228E-003
         618   2.4949854765269840E-003
         619   2.4914210832572654E-003
         620   2.4878534203391293E-003
         621   2.4842826263946310E-003
         622   2.4807088383649177E-003
         623   2.4771321915266647E-003
         624   2.4735528195082147E-003
         625   2.4700958557474120E-003
         626   2.4666531916313177E-003
         627   2.4632070878058744E-003
         628   2.4597576778420649E-003
         629   2.4563050937297733E-003
         630   2.4528494658937906E-003
         631   2.4493909232060585E-003
         632   2.4459295930037619E-003
         633   2.4424656010983842E-003
         634   2.4389990717926008E-003
         635   2.4355301278952139E-003
         636   2.4320588907310783E-003
         637   2.4285854801582973E-003
         638   2.4251100145810337E-003
         639   2.4216326109617447E-003
         640   2.4181533848371970E-003
         641   2.4146724503283819E-003
         642   2.4111899201577588E-003
         643   2.4077059056589589E-003
         644   2.4042205167929902E-003
         645   2.4008370383856591E-003
         646   2.3974727559833804E-003
         647   2.3941064953476379E-003
         648   2.3907383662658426E-003
         649   2.3873684772082308E-003
         650   2.3839969353418766E-003
         651   2.3806238465413796E-003
         652   2.3772493154025067E-003
         653   2.3738734452522130E-003
         654   2.3704963381617661E-003
         655   2.3671180949567470E-003
         656   2.3637388152326689E-003
         657   2.3603585973623964E-003
         658   2.3569775385090370E-003
         659   2.3535957346379321E-003
         660   2.3502132805291679E-003
         661   2.3468302697857522E-003
         662   2.3434467948468879E-003
         663   2.3400629470004958E-003
         664   2.3366788163903442E-003
         665   2.3333182254961470E-003
         666   2.3300419014845456E-003
         667   2.3267647817322638E-003
         668   2.3234869561421230E-003
         669   2.3202085135234267E-003
         670   2.3169295416005636E-003
         671   2.3136501270285314E-003
         672   2.3103703553957510E-003
         673   2.3070903112412749E-003
         674   2.3038100780596207E-003
         675   2.3005297383135955E-003
         676   2.2972493734416226E-003
         677   2.2939690638709826E-003
         678   2.2906888890232915E-003
         679   2.2874089273283290E-003
         680   2.2841292562307287E-003
         681   2.2808499522001154E-003
         682   2.2775710907411498E-003
         683   2.2742927464022675E-003
         684   2.2710149927860045E-003
         685   2.2677379025557655E-003
         686   2.2644647876622660E-003
         687   2.2612835877550579E-003
         688   2.2581026138741626E-003
         689   2.2549219384372632E-003
         690   2.2517416329647828E-003
         691   2.2485617680883569E-003
         692   2.2453824135592318E-003
         693   2.2422036382559922E-003
         694   2.2390255101959584E-003
         695   2.2358480965378145E-003
         696   2.2326714635958565E-003
         697   2.2294956768447180E-003
         698   2.2263208009271895E-003
         699   2.2231468996650699E-003
         700   2.2199740360650368E-003
         701   2.2168022723256533E-003
         702   2.2136316698481346E-003
         703   2.2104622892414293E-003
         704   2.2072941903326809E-003
         705   2.2041274321710127E-003
         706   2.2009620730397408E-003
         707   2.1977981704604612E-003
         708   2.1946582732801823E-003
         709   2.1915796308299819E-003
         710   2.1885020705279417E-003
         711   2.1854256496845197E-003
         712   2.1823504248822704E-003
         713   2.1792764519830291E-003
         714   2.1762037861342985E-003
         715   2.1731324817779005E-003
         716   2.1700625926534814E-003
         717   2.1669941718099311E-003
         718   2.1639272716076118E-003
         719   2.1608619437279110E-003
         720   2.1577982391792487E-003
         721   2.1547362083037544E-003
         722   2.1516759007824491E-003
         723   2.1486173656436610E-003
         724   2.1455606512687988E-003
         725   2.1425058053980697E-003
         726   2.1394528751374244E-003
         727   2.1364019069657122E-003
         728   2.1333529467379635E-003
         729   2.1303060396958219E-003
         730   2.1272612304701457E-003
         731   2.1242857429977714E-003
         732   2.1213167393542829E-003
         733   2.1183495116795848E-003
         734   2.1153841044480059E-003
         735   2.1124205615509171E-003
         736   2.1094589263015704E-003
         737   2.1064992414418569E-003
         738   2.1035415491469050E-003
         739   2.1005858910308883E-003
         740   2.0976323081541731E-003
         741   2.0946808410251165E-003
         742   2.0917315296097583E-003
         743   2.0887844133346263E-003
         744   2.0858395310911905E-003
         745   2.0828969212453611E-003
         746   2.0799566216376810E-003
         747   2.0770186695917630E-003
         748   2.0740831019182521E-003
         749   2.0711499549214865E-003
         750   2.0682192644009140E-003
         751   2.0652910656609336E-003
         752   2.0623653935118087E-003
         753   2.0594437830502954E-003
         754   2.0565861484107958E-003
         755   2.0537307618453534E-003
         756   2.0508776580366208E-003
         757   2.0480268711956131E-003
         758   2.0451784350682626E-003
         759   2.0423323829374387E-003
         760   2.0394887476294188E-003
         761   2.0366475615178604E-003
         762   2.0338088565278740E-003
         763   2.0309726641407292E-003
         764   2.0281390153994538E-003
         765   2.0253079409104954E-003
         766   2.0224794708507176E-003
         767   2.0196536349700546E-003
         768   2.0168304625973392E-003
         769   2.0140099826428813E-003
         770   2.0111922236034164E-003
         771   2.0083772135664692E-003
         772   2.0055649802134894E-003
         773   2.0027555508263860E-003
         774   1.9999489522876785E-003
         775   1.9971452110885304E-003
         776   1.9943443533301471E-003
         777   1.9915767773526160E-003
         778   1.9888366895385984E-003
         779   1.9860992435564826E-003
         780   1.9833644654315558E-003
         781   1.9806323808181105E-003
         782   1.9779030150017460E-003
         783   1.9751763929024384E-003
         784   1.9724525390804465E-003
         785   1.9697314777369556E-003
         786   1.9670132327204324E-003
         787   1.9642978275279874E-003
         788   1.9615852853108722E-003
         789   1.9588756288759111E-003
         790   1.9561688806904085E-003
         791   1.9534650628852002E-003
         792   1.9507641972588332E-003
         793   1.9480663052782452E-003
         794   1.9453714080853236E-003
         795   1.9426795264994370E-003
         796   1.9399906810177810E-003
         797   1.9373048918242407E-003
         798   1.9346221787861044E-003
         799   1.9319425614637373E-003
         800   1.9292660591078889E-003
         801   1.9266182046692474E-003
         802   1.9239962170903826E-003
         803   1.9213771338987373E-003
         804   1.9187609743108170E-003
         805   1.9161477572501120E-003
         806   1.9135375013496474E-003
         807   1.9109302249541318E-003
         808   1.9083259461251040E-003
         809   1.9057246826411306E-003
         810   1.9031264520016412E-003
         811   1.9005312714315979E-003
         812   1.8979391578813737E-003
         813   1.8953501280305010E-003
         814   1.8927641982920019E-003
         815   1.8901813848129501E-003
         816   1.8876017034787484E-003
         817   1.8850251699142697E-003
         818   1.8824517994874598E-003
         819   1.8798816073136392E-003
         820   1.8773146082543511E-003
         821   1.8747508169221212E-003
         822   1.8721902476846720E-003
         823   1.8696329146633489E-003
         824   1.8670788317393808E-003
         825   1.8645280125548307E-003
         826   1.8620216754714185E-003
         827   1.8595197535964997E-003
         828   1.8570209113641255E-003
         829   1.8545251624177759E-003
         830   1.8520325201758306E-003
         831   1.8495429978273451E-003
         832   1.8470566083399061E-003
         833   1.8445733644575800E-003
         834   1.8420932787073581E-003
         835   1.8396163633973208E-003
         836   1.8371426306220589E-003
         837   1.8346720922627414E-003
         838   1.8322047599905516E-003
         839   1.8297406452682872E-003
         840   1.8272797593523046E-003
         841   1.8248221132962383E-003
         842   1.8223677179505053E-003
         843   1.8199165839656300E-003
         844   1.8174687217963642E-003
         845   1.8150241416993603E-003
         846   1.8125828537393972E-003
         847   1.8101448677889217E-003
         848   1.8077101935303108E-003
         849   1.8052788404591712E-003
         850   1.8028508178854880E-003
         851   1.8004596511184238E-003
         852   1.7980756566019324E-003
         853   1.7956948310016952E-003
         854   1.7933171836574137E-003
         855   1.7909427237320637E-003
         856   1.7885714602111536E-003
         857   1.7862034019087950E-003
         858   1.7838385574664504E-003
         859   1.7814769353543861E-003
         860   1.7791185438767250E-003
         861   1.7767633911686480E-003
         862   1.7744114852018776E-003
         863   1.7720628337849996E-003
         864   1.7697174445641321E-003
         865   1.7673753250268228E-003
         866   1.7650364825016404E-003
         867   1.7627009241613389E-003
         868   1.7603686570232325E-003
         869   1.7580396879519780E-003
         870   1.7557140236599219E-003
         871   1.7533916707105337E-003
         872   1.7510726355182650E-003
         873   1.7487569243502341E-003
         874   1.7464445433290334E-003
         875   1.7441354984334616E-003
         876   1.7418404640636436E-003
         877   1.7395712007053947E-003
         878   1.7373051311421056E-003
         879   1.7350422614004434E-003
         880   1.7327825973702787E-003
         881   1.7305261448060012E-003
         882   1.7282729093269181E-003
         883   1.7260228964206992E-003
         884   1.7237761114420507E-003
         885   1.7215325596172575E-003
         886   1.7192922460417114E-003
         887   1.7170551756855456E-003
         888   1.7148213533915912E-003
         889   1.7125907838781685E-003
         890   1.7103634717402841E-003
         891   1.7081394214513751E-003
         892   1.7059186373626996E-003
         893   1.7037011237073987E-003
         894   1.7014868845997486E-003
         895   1.6992759240373018E-003
         896   1.6970682459015668E-003
         897   1.6948638539596775E-003
         898   1.6926627518658234E-003
         899   1.6904649431615678E-003
         900   1.6882704312779185E-003
         901   1.6860792195365023E-003
         902   1.6838993399033229E-003
         903   1.6817440561897495E-003
         904   1.6795919470004572E-003
         905   1.6774430157215209E-003
         906   1.6752972656338013E-003
         907   1.6731546999153616E-003
         908   1.6710153216416758E-003
         909   1.6688791337877967E-003
         910   1.6667461392278898E-003
         911   1.6646163407367323E-003
         912   1.6624897409924940E-003
         913   1.6603663425747283E-003
         914   1.6582461479684384E-003
         915   1.6561291595629201E-003
         916   1.6540153796547135E-003
         917   1.6519048104453597E-003
         918   1.6497974540477754E-003
         919   1.6476933124811935E-003
         920   1.6455923876766490E-003
         921   1.6434946814749298E-003
         922   1.6414001956307326E-003
         923   1.6393089318110289E-003
         924   1.6372208915964230E-003
         925   1.6351360764822872E-003
         926   1.6330544878809434E-003
         927   1.6309761271206486E-003
         928   1.6289009954481828E-003
         929   1.6268491394317891E-003
         930   1.6248064433592780E-003
         931   1.6227668653331240E-003
         932   1.6207304066766541E-003
         933   1.6186970686349886E-003
         934   1.6166668523767155E-003
         935   1.6146397589921766E-003
         936   1.6126157894972399E-003
         937   1.6105949448326261E-003
         938   1.6085772258644974E-003
         939   1.6065626333862991E-003
         940   1.6045511681184919E-003
         941   1.6025428307099568E-003
         942   1.6005376217393850E-003
         943   1.5985355417145765E-003
         944   1.5965365910742362E-003
         945   1.5945407701883009E-003
         946   1.5925480793595064E-003
         947   1.5905585188230784E-003
         948   1.5885720887484891E-003
         949   1.5865887892389330E-003
         950   1.5846086203332732E-003
         951   1.5826315820061233E-003
         952   1.5806576741693608E-003
         953   1.5786868966713766E-003
         954   1.5767192492987831E-003
         955   1.5747547317776971E-003
         956   1.5728125502962459E-003
         957   1.5708774043578116E-003
         958   1.5689452898523337E-003
         959   1.5670162065887596E-003
         960   1.5650901543189592E-003
         961   1.5631671327367138E-003
         962   1.5612471414793571E-003
         963   1.5593301801275754E-003
         964   1.5574162482064236E-003
         965   1.5555053451865352E-003
         966   1.5535974704841081E-003
         967   1.5516926234614948E-003
         968   1.5497908034275865E-003
         969   1.5478920096394003E-003
         970   1.5459962413020437E-003
         971   1.5441034975694815E-003
         972   1.5422137775436952E-003
         973   1.5403270802786459E-003
         974   1.5384434047774143E-003
         975   1.5365627499939515E-003
         976   1.5346851148350109E-003
         977   1.5328104981586861E-003
         978   1.5309388987757376E-003
         979   1.5290703154505127E-003
         980   1.5272047469016567E-003
         981   1.5253421918016345E-003
         982   1.5234826487776350E-003
         983   1.5216357991868778E-003
         984   1.5198029263890135E-003
         985   1.5179729782206020E-003
         986   1.5161459533942537E-003
         987   1.5143218505825611E-003
         988   1.5125006684136304E-003
         989   1.5106824054754962E-003
         990   1.5088670603144113E-003
         991   1.5070546314353091E-003
         992   1.5052451173038252E-003
         993   1.5034385163453701E-003
         994   1.5016348269463573E-003
         995   1.4998340474536651E-003
         996   1.4980361761766329E-003
         997   1.4962412113863183E-003
         998   1.4944491513168962E-003
         999   1.4926599941643326E-003
        1000   1.4908737380893244E-003
        1001   0.0000000000000000     
