       0.000000       0.000000
       0.006863       0.000000
       0.023028       0.000000
       0.044862       0.000000
       0.074150       0.000000
       0.113071       0.000000
       0.164162       0.000000
       0.230153       0.000000
       0.313646       0.000000
       0.416569       0.000000
       0.539470       0.000000
       0.680795       0.000000
       0.836454       0.000000
       1.000000       0.000000
       1.163546       0.000000
       1.319205       0.000000
       1.460529       0.000000
       1.583430       0.000000
       1.686354       0.000000
       1.769847       0.000000
       1.835838       0.000000
       1.886929       0.000000
       1.925850       0.000000
       1.955138       0.000000
       1.976973       0.000000
       1.993137       0.000000
       2.000000       0.000000
       0.000000       0.006863
       0.006863       0.006863
       0.023028       0.006863
       0.044862       0.006863
       0.074150       0.006863
       0.113071       0.006863
       0.164162       0.006863
       0.230153       0.006863
       0.313646       0.006863
       0.416569       0.006863
       0.539470       0.006863
       0.680795       0.006863
       0.836454       0.006863
       1.000000       0.006863
       1.163546       0.006863
       1.319205       0.006863
       1.460529       0.006863
       1.583430       0.006863
       1.686354       0.006863
       1.769847       0.006863
       1.835838       0.006863
       1.886929       0.006863
       1.925850       0.006863
       1.955138       0.006863
       1.976973       0.006863
       1.993137       0.006863
       2.000000       0.006863
       0.000000       0.023028
       0.006863       0.023028
       0.023028       0.023028
       0.044862       0.023028
       0.074150       0.023028
       0.113071       0.023028
       0.164162       0.023028
       0.230153       0.023028
       0.313646       0.023028
       0.416569       0.023028
       0.539470       0.023028
       0.680795       0.023028
       0.836454       0.023028
       1.000000       0.023028
       1.163546       0.023028
       1.319205       0.023028
       1.460529       0.023028
       1.583430       0.023028
       1.686354       0.023028
       1.769847       0.023028
       1.835838       0.023028
       1.886929       0.023028
       1.925850       0.023028
       1.955138       0.023028
       1.976973       0.023028
       1.993137       0.023028
       2.000000       0.023028
       0.000000       0.044862
       0.006863       0.044862
       0.023028       0.044862
       0.044862       0.044862
       0.074150       0.044862
       0.113071       0.044862
       0.164162       0.044862
       0.230153       0.044862
       0.313646       0.044862
       0.416569       0.044862
       0.539470       0.044862
       0.680795       0.044862
       0.836454       0.044862
       1.000000       0.044862
       1.163546       0.044862
       1.319205       0.044862
       1.460529       0.044862
       1.583430       0.044862
       1.686354       0.044862
       1.769847       0.044862
       1.835838       0.044862
       1.886929       0.044862
       1.925850       0.044862
       1.955138       0.044862
       1.976973       0.044862
       1.993137       0.044862
       2.000000       0.044862
       0.000000       0.074150
       0.006863       0.074150
       0.023028       0.074150
       0.044862       0.074150
       0.074150       0.074150
       0.113071       0.074150
       0.164162       0.074150
       0.230153       0.074150
       0.313646       0.074150
       0.416569       0.074150
       0.539470       0.074150
       0.680795       0.074150
       0.836454       0.074150
       1.000000       0.074150
       1.163546       0.074150
       1.319205       0.074150
       1.460529       0.074150
       1.583430       0.074150
       1.686354       0.074150
       1.769847       0.074150
       1.835838       0.074150
       1.886929       0.074150
       1.925850       0.074150
       1.955138       0.074150
       1.976973       0.074150
       1.993137       0.074150
       2.000000       0.074150
       0.000000       0.113071
       0.006863       0.113071
       0.023028       0.113071
       0.044862       0.113071
       0.074150       0.113071
       0.113071       0.113071
       0.164162       0.113071
       0.230153       0.113071
       0.313646       0.113071
       0.416569       0.113071
       0.539470       0.113071
       0.680795       0.113071
       0.836454       0.113071
       1.000000       0.113071
       1.163546       0.113071
       1.319205       0.113071
       1.460529       0.113071
       1.583430       0.113071
       1.686354       0.113071
       1.769847       0.113071
       1.835838       0.113071
       1.886929       0.113071
       1.925850       0.113071
       1.955138       0.113071
       1.976973       0.113071
       1.993137       0.113071
       2.000000       0.113071
       0.000000       0.164162
       0.006863       0.164162
       0.023028       0.164162
       0.044862       0.164162
       0.074150       0.164162
       0.113071       0.164162
       0.164162       0.164162
       0.230153       0.164162
       0.313646       0.164162
       0.416569       0.164162
       0.539470       0.164162
       0.680795       0.164162
       0.836454       0.164162
       1.000000       0.164162
       1.163546       0.164162
       1.319205       0.164162
       1.460529       0.164162
       1.583430       0.164162
       1.686354       0.164162
       1.769847       0.164162
       1.835838       0.164162
       1.886929       0.164162
       1.925850       0.164162
       1.955138       0.164162
       1.976973       0.164162
       1.993137       0.164162
       2.000000       0.164162
       0.000000       0.230153
       0.006863       0.230153
       0.023028       0.230153
       0.044862       0.230153
       0.074150       0.230153
       0.113071       0.230153
       0.164162       0.230153
       0.230153       0.230153
       0.313646       0.230153
       0.416569       0.230153
       0.539470       0.230153
       0.680795       0.230153
       0.836454       0.230153
       1.000000       0.230153
       1.163546       0.230153
       1.319205       0.230153
       1.460529       0.230153
       1.583430       0.230153
       1.686354       0.230153
       1.769847       0.230153
       1.835838       0.230153
       1.886929       0.230153
       1.925850       0.230153
       1.955138       0.230153
       1.976973       0.230153
       1.993137       0.230153
       2.000000       0.230153
       0.000000       0.313646
       0.006863       0.313646
       0.023028       0.313646
       0.044862       0.313646
       0.074150       0.313646
       0.113071       0.313646
       0.164162       0.313646
       0.230153       0.313646
       0.313646       0.313646
       0.416569       0.313646
       0.539470       0.313646
       0.680795       0.313646
       0.836454       0.313646
       1.000000       0.313646
       1.163546       0.313646
       1.319205       0.313646
       1.460529       0.313646
       1.583430       0.313646
       1.686354       0.313646
       1.769847       0.313646
       1.835838       0.313646
       1.886929       0.313646
       1.925850       0.313646
       1.955138       0.313646
       1.976973       0.313646
       1.993137       0.313646
       2.000000       0.313646
       0.000000       0.416569
       0.006863       0.416569
       0.023028       0.416569
       0.044862       0.416569
       0.074150       0.416569
       0.113071       0.416569
       0.164162       0.416569
       0.230153       0.416569
       0.313646       0.416569
       0.416569       0.416569
       0.539470       0.416569
       0.680795       0.416569
       0.836454       0.416569
       1.000000       0.416569
       1.163546       0.416569
       1.319205       0.416569
       1.460529       0.416569
       1.583430       0.416569
       1.686354       0.416569
       1.769847       0.416569
       1.835838       0.416569
       1.886929       0.416569
       1.925850       0.416569
       1.955138       0.416569
       1.976973       0.416569
       1.993137       0.416569
       2.000000       0.416569
       0.000000       0.539470
       0.006863       0.539470
       0.023028       0.539470
       0.044862       0.539470
       0.074150       0.539470
       0.113071       0.539470
       0.164162       0.539470
       0.230153       0.539470
       0.313646       0.539470
       0.416569       0.539470
       0.539470       0.539470
       0.680795       0.539470
       0.836454       0.539470
       1.000000       0.539470
       1.163546       0.539470
       1.319205       0.539470
       1.460529       0.539470
       1.583430       0.539470
       1.686354       0.539470
       1.769847       0.539470
       1.835838       0.539470
       1.886929       0.539470
       1.925850       0.539470
       1.955138       0.539470
       1.976973       0.539470
       1.993137       0.539470
       2.000000       0.539470
       0.000000       0.680795
       0.006863       0.680795
       0.023028       0.680795
       0.044862       0.680795
       0.074150       0.680795
       0.113071       0.680795
       0.164162       0.680795
       0.230153       0.680795
       0.313646       0.680795
       0.416569       0.680795
       0.539470       0.680795
       0.680795       0.680795
       0.836454       0.680795
       1.000000       0.680795
       1.163546       0.680795
       1.319205       0.680795
       1.460529       0.680795
       1.583430       0.680795
       1.686354       0.680795
       1.769847       0.680795
       1.835838       0.680795
       1.886929       0.680795
       1.925850       0.680795
       1.955138       0.680795
       1.976973       0.680795
       1.993137       0.680795
       2.000000       0.680795
       0.000000       0.836454
       0.006863       0.836454
       0.023028       0.836454
       0.044862       0.836454
       0.074150       0.836454
       0.113071       0.836454
       0.164162       0.836454
       0.230153       0.836454
       0.313646       0.836454
       0.416569       0.836454
       0.539470       0.836454
       0.680795       0.836454
       0.836454       0.836454
       1.000000       0.836454
       1.163546       0.836454
       1.319205       0.836454
       1.460529       0.836454
       1.583430       0.836454
       1.686354       0.836454
       1.769847       0.836454
       1.835838       0.836454
       1.886929       0.836454
       1.925850       0.836454
       1.955138       0.836454
       1.976973       0.836454
       1.993137       0.836454
       2.000000       0.836454
       0.000000       1.000000
       0.006863       1.000000
       0.023028       1.000000
       0.044862       1.000000
       0.074150       1.000000
       0.113071       1.000000
       0.164162       1.000000
       0.230153       1.000000
       0.313646       1.000000
       0.416569       1.000000
       0.539470       1.000000
       0.680795       1.000000
       0.836454       1.000000
       1.000000       1.000000
       1.163546       1.000000
       1.319205       1.000000
       1.460529       1.000000
       1.583430       1.000000
       1.686354       1.000000
       1.769847       1.000000
       1.835838       1.000000
       1.886929       1.000000
       1.925850       1.000000
       1.955138       1.000000
       1.976973       1.000000
       1.993137       1.000000
       2.000000       1.000000
       0.000000       1.163546
       0.006863       1.163546
       0.023028       1.163546
       0.044862       1.163546
       0.074150       1.163546
       0.113071       1.163546
       0.164162       1.163546
       0.230153       1.163546
       0.313646       1.163546
       0.416569       1.163546
       0.539470       1.163546
       0.680795       1.163546
       0.836454       1.163546
       1.000000       1.163546
       1.163546       1.163546
       1.319205       1.163546
       1.460529       1.163546
       1.583430       1.163546
       1.686354       1.163546
       1.769847       1.163546
       1.835838       1.163546
       1.886929       1.163546
       1.925850       1.163546
       1.955138       1.163546
       1.976973       1.163546
       1.993137       1.163546
       2.000000       1.163546
       0.000000       1.319205
       0.006863       1.319205
       0.023028       1.319205
       0.044862       1.319205
       0.074150       1.319205
       0.113071       1.319205
       0.164162       1.319205
       0.230153       1.319205
       0.313646       1.319205
       0.416569       1.319205
       0.539470       1.319205
       0.680795       1.319205
       0.836454       1.319205
       1.000000       1.319205
       1.163546       1.319205
       1.319205       1.319205
       1.460529       1.319205
       1.583430       1.319205
       1.686354       1.319205
       1.769847       1.319205
       1.835838       1.319205
       1.886929       1.319205
       1.925850       1.319205
       1.955138       1.319205
       1.976973       1.319205
       1.993137       1.319205
       2.000000       1.319205
       0.000000       1.460529
       0.006863       1.460529
       0.023028       1.460529
       0.044862       1.460529
       0.074150       1.460529
       0.113071       1.460529
       0.164162       1.460529
       0.230153       1.460529
       0.313646       1.460529
       0.416569       1.460529
       0.539470       1.460529
       0.680795       1.460529
       0.836454       1.460529
       1.000000       1.460529
       1.163546       1.460529
       1.319205       1.460529
       1.460529       1.460529
       1.583430       1.460529
       1.686354       1.460529
       1.769847       1.460529
       1.835838       1.460529
       1.886929       1.460529
       1.925850       1.460529
       1.955138       1.460529
       1.976973       1.460529
       1.993137       1.460529
       2.000000       1.460529
       0.000000       1.583430
       0.006863       1.583430
       0.023028       1.583430
       0.044862       1.583430
       0.074150       1.583430
       0.113071       1.583430
       0.164162       1.583430
       0.230153       1.583430
       0.313646       1.583430
       0.416569       1.583430
       0.539470       1.583430
       0.680795       1.583430
       0.836454       1.583430
       1.000000       1.583430
       1.163546       1.583430
       1.319205       1.583430
       1.460529       1.583430
       1.583430       1.583430
       1.686354       1.583430
       1.769847       1.583430
       1.835838       1.583430
       1.886929       1.583430
       1.925850       1.583430
       1.955138       1.583430
       1.976973       1.583430
       1.993137       1.583430
       2.000000       1.583430
       0.000000       1.686354
       0.006863       1.686354
       0.023028       1.686354
       0.044862       1.686354
       0.074150       1.686354
       0.113071       1.686354
       0.164162       1.686354
       0.230153       1.686354
       0.313646       1.686354
       0.416569       1.686354
       0.539470       1.686354
       0.680795       1.686354
       0.836454       1.686354
       1.000000       1.686354
       1.163546       1.686354
       1.319205       1.686354
       1.460529       1.686354
       1.583430       1.686354
       1.686354       1.686354
       1.769847       1.686354
       1.835838       1.686354
       1.886929       1.686354
       1.925850       1.686354
       1.955138       1.686354
       1.976973       1.686354
       1.993137       1.686354
       2.000000       1.686354
       0.000000       1.769847
       0.006863       1.769847
       0.023028       1.769847
       0.044862       1.769847
       0.074150       1.769847
       0.113071       1.769847
       0.164162       1.769847
       0.230153       1.769847
       0.313646       1.769847
       0.416569       1.769847
       0.539470       1.769847
       0.680795       1.769847
       0.836454       1.769847
       1.000000       1.769847
       1.163546       1.769847
       1.319205       1.769847
       1.460529       1.769847
       1.583430       1.769847
       1.686354       1.769847
       1.769847       1.769847
       1.835838       1.769847
       1.886929       1.769847
       1.925850       1.769847
       1.955138       1.769847
       1.976973       1.769847
       1.993137       1.769847
       2.000000       1.769847
       0.000000       1.835838
       0.006863       1.835838
       0.023028       1.835838
       0.044862       1.835838
       0.074150       1.835838
       0.113071       1.835838
       0.164162       1.835838
       0.230153       1.835838
       0.313646       1.835838
       0.416569       1.835838
       0.539470       1.835838
       0.680795       1.835838
       0.836454       1.835838
       1.000000       1.835838
       1.163546       1.835838
       1.319205       1.835838
       1.460529       1.835838
       1.583430       1.835838
       1.686354       1.835838
       1.769847       1.835838
       1.835838       1.835838
       1.886929       1.835838
       1.925850       1.835838
       1.955138       1.835838
       1.976973       1.835838
       1.993137       1.835838
       2.000000       1.835838
       0.000000       1.886929
       0.006863       1.886929
       0.023028       1.886929
       0.044862       1.886929
       0.074150       1.886929
       0.113071       1.886929
       0.164162       1.886929
       0.230153       1.886929
       0.313646       1.886929
       0.416569       1.886929
       0.539470       1.886929
       0.680795       1.886929
       0.836454       1.886929
       1.000000       1.886929
       1.163546       1.886929
       1.319205       1.886929
       1.460529       1.886929
       1.583430       1.886929
       1.686354       1.886929
       1.769847       1.886929
       1.835838       1.886929
       1.886929       1.886929
       1.925850       1.886929
       1.955138       1.886929
       1.976973       1.886929
       1.993137       1.886929
       2.000000       1.886929
       0.000000       1.925850
       0.006863       1.925850
       0.023028       1.925850
       0.044862       1.925850
       0.074150       1.925850
       0.113071       1.925850
       0.164162       1.925850
       0.230153       1.925850
       0.313646       1.925850
       0.416569       1.925850
       0.539470       1.925850
       0.680795       1.925850
       0.836454       1.925850
       1.000000       1.925850
       1.163546       1.925850
       1.319205       1.925850
       1.460529       1.925850
       1.583430       1.925850
       1.686354       1.925850
       1.769847       1.925850
       1.835838       1.925850
       1.886929       1.925850
       1.925850       1.925850
       1.955138       1.925850
       1.976973       1.925850
       1.993137       1.925850
       2.000000       1.925850
       0.000000       1.955138
       0.006863       1.955138
       0.023028       1.955138
       0.044862       1.955138
       0.074150       1.955138
       0.113071       1.955138
       0.164162       1.955138
       0.230153       1.955138
       0.313646       1.955138
       0.416569       1.955138
       0.539470       1.955138
       0.680795       1.955138
       0.836454       1.955138
       1.000000       1.955138
       1.163546       1.955138
       1.319205       1.955138
       1.460529       1.955138
       1.583430       1.955138
       1.686354       1.955138
       1.769847       1.955138
       1.835838       1.955138
       1.886929       1.955138
       1.925850       1.955138
       1.955138       1.955138
       1.976973       1.955138
       1.993137       1.955138
       2.000000       1.955138
       0.000000       1.976973
       0.006863       1.976973
       0.023028       1.976973
       0.044862       1.976973
       0.074150       1.976973
       0.113071       1.976973
       0.164162       1.976973
       0.230153       1.976973
       0.313646       1.976973
       0.416569       1.976973
       0.539470       1.976973
       0.680795       1.976973
       0.836454       1.976973
       1.000000       1.976973
       1.163546       1.976973
       1.319205       1.976973
       1.460529       1.976973
       1.583430       1.976973
       1.686354       1.976973
       1.769847       1.976973
       1.835838       1.976973
       1.886929       1.976973
       1.925850       1.976973
       1.955138       1.976973
       1.976973       1.976973
       1.993137       1.976973
       2.000000       1.976973
       0.000000       1.993137
       0.006863       1.993137
       0.023028       1.993137
       0.044862       1.993137
       0.074150       1.993137
       0.113071       1.993137
       0.164162       1.993137
       0.230153       1.993137
       0.313646       1.993137
       0.416569       1.993137
       0.539470       1.993137
       0.680795       1.993137
       0.836454       1.993137
       1.000000       1.993137
       1.163546       1.993137
       1.319205       1.993137
       1.460529       1.993137
       1.583430       1.993137
       1.686354       1.993137
       1.769847       1.993137
       1.835838       1.993137
       1.886929       1.993137
       1.925850       1.993137
       1.955138       1.993137
       1.976973       1.993137
       1.993137       1.993137
       2.000000       1.993137
       0.000000       2.000000
       0.006863       2.000000
       0.023028       2.000000
       0.044862       2.000000
       0.074150       2.000000
       0.113071       2.000000
       0.164162       2.000000
       0.230153       2.000000
       0.313646       2.000000
       0.416569       2.000000
       0.539470       2.000000
       0.680795       2.000000
       0.836454       2.000000
       1.000000       2.000000
       1.163546       2.000000
       1.319205       2.000000
       1.460529       2.000000
       1.583430       2.000000
       1.686354       2.000000
       1.769847       2.000000
       1.835838       2.000000
       1.886929       2.000000
       1.925850       2.000000
       1.955138       2.000000
       1.976973       2.000000
       1.993137       2.000000
       2.000000       2.000000
