           1                  Infinity
           2   5546.8546730851949     
           3   1209.2413881267955     
           4   546.42458986373708     
           5   302.18771864517515     
           6   170.49158015318596     
           7   94.105354936263396     
           8   50.802634909137915     
           9   27.009714029127473     
          10   14.235439494544869     
          11   7.4746522990858146     
          12   3.9231082962015220     
          13   2.0624140443925549     
          14   1.0872070708236079     
          15  0.57498968998140298     
          16  0.30512639245996703     
          17  0.16245889822720488     
          18   8.6772211317418357E-002
          19   4.6484218196165807E-002
          20   2.4970810998079660E-002
          21   1.3448835986829470E-002
          22   7.2609903036158756E-003
          23   3.9292765577980272E-003
          24   2.1310474807590464E-003
          25   1.1582602402441737E-003
          26   6.3085475082240916E-004
          27   3.4430868532258545E-004
          28   1.8830120194197975E-004
          29   1.0319067574855295E-004
          30   5.6664257908429895E-005
          31   3.1178913819335854E-005
          32   1.7190885394683175E-005
          33   9.4978392719683770E-006
          34   5.2582795541947382E-006
          35   2.9171473265611029E-006
          36   1.6216900765486716E-006
          37   9.0338699948560194E-007
          38   5.0428357829454832E-007
          39   2.8207835272509541E-007
          40   1.5810233325915911E-007
          41   8.8795374411147373E-008
          42   4.9969189441590085E-008
          43   2.8182551461884350E-008
          44   1.5925633111409154E-008
          45   9.0206231329270153E-009
