0.0 1.0 1.0 1.0
0.00392156862745098 1.0 0.9921568627450981 0.9843137254901961
0.00784313725490196 1.0 0.9843137254901961 0.9686274509803923
0.011764705882352941 1.0 0.9764705882352942 0.9529411764705884
0.01568627450980392 1.0 0.9686274509803923 0.9372549019607845
0.0196078431372549 1.0 0.9607843137254901 0.9215686274509802
0.023529411764705882 1.0 0.9529411764705882 0.9058823529411764
0.027450980392156862 1.0 0.9450980392156862 0.8901960784313725
0.03137254901960784 1.0 0.9372549019607843 0.8745098039215686
0.03529411764705882 1.0 0.9294117647058824 0.8588235294117648
0.0392156862745098 1.0 0.9215686274509804 0.8431372549019609
0.043137254901960784 1.0 0.9137254901960785 0.827450980392157
0.047058823529411764 1.0 0.9058823529411764 0.8117647058823527
0.050980392156862744 1.0 0.8980392156862744 0.7960784313725489
0.054901960784313725 1.0 0.8901960784313725 0.780392156862745
0.058823529411764705 1.0 0.8823529411764706 0.7647058823529411
0.06274509803921569 1.0 0.8745098039215686 0.7490196078431373
0.06666666666666667 1.0 0.8666666666666667 0.7333333333333334
0.07058823529411765 1.0 0.8588235294117648 0.7176470588235295
0.07450980392156863 1.0 0.8509803921568628 0.7019607843137257
0.0784313725490196 1.0 0.8431372549019609 0.6862745098039218
0.08235294117647059 1.0 0.8352941176470587 0.6705882352941175
0.08627450980392157 1.0 0.8274509803921568 0.6549019607843136
0.09019607843137255 1.0 0.8196078431372549 0.6392156862745098
0.09411764705882353 1.0 0.8117647058823529 0.6235294117647059
0.09803921568627451 1.0 0.803921568627451 0.607843137254902
0.10196078431372549 1.0 0.7960784313725491 0.5921568627450982
0.10588235294117647 1.0 0.7882352941176471 0.5764705882352943
0.10980392156862745 1.0 0.780392156862745 0.56078431372549
0.11372549019607843 1.0 0.7725490196078431 0.5450980392156861
0.11764705882352941 1.0 0.7647058823529411 0.5294117647058822
0.12156862745098039 1.0 0.7568627450980392 0.5137254901960784
0.12549019607843137 1.0 0.7490196078431373 0.4980392156862745
0.12941176470588237 1.0 0.7411764705882353 0.48235294117647065
0.13333333333333333 1.0 0.7333333333333334 0.4666666666666668
0.13725490196078433 1.0 0.7254901960784315 0.4509803921568629
0.1411764705882353 1.0 0.7176470588235295 0.43529411764705905
0.1450980392156863 1.0 0.7098039215686276 0.4196078431372552
0.14901960784313725 1.0 0.7019607843137254 0.4039215686274509
0.15294117647058825 1.0 0.6941176470588235 0.388235294117647
0.1568627450980392 1.0 0.6862745098039216 0.37254901960784315
0.1607843137254902 1.0 0.6784313725490196 0.3568627450980393
0.16470588235294117 1.0 0.6705882352941177 0.3411764705882354
0.16862745098039217 1.0 0.6627450980392156 0.3254901960784311
0.17254901960784313 1.0 0.6549019607843136 0.30980392156862724
0.17647058823529413 1.0 0.6470588235294117 0.2941176470588234
0.1803921568627451 1.0 0.6392156862745098 0.2784313725490195
0.1843137254901961 1.0 0.6313725490196078 0.26274509803921564
0.18823529411764706 1.0 0.6235294117647059 0.24705882352941178
0.19215686274509805 1.0 0.615686274509804 0.2313725490196079
0.19607843137254902 1.0 0.607843137254902 0.21568627450980404
0.2 1.0 0.6000000000000001 0.20000000000000018
0.20392156862745098 1.0 0.5921568627450982 0.1843137254901963
0.20784313725490197 1.0 0.5843137254901962 0.16862745098039245
0.21176470588235294 1.0 0.5764705882352941 0.15294117647058814
0.21568627450980393 1.0 0.5686274509803921 0.13725490196078427
0.2196078431372549 1.0 0.5607843137254902 0.1215686274509804
0.2235294117647059 1.0 0.5529411764705883 0.10588235294117654
0.22745098039215686 1.0 0.5450980392156863 0.09019607843137267
0.23137254901960785 1.0 0.5372549019607842 0.07450980392156836
0.23529411764705882 1.0 0.5294117647058822 0.0588235294117645
0.23921568627450981 1.0 0.5215686274509803 0.04313725490196063
0.24313725490196078 1.0 0.5137254901960784 0.027450980392156765
0.24705882352941178 1.0 0.5058823529411764 0.0117647058823529
0.25098039215686274 1.0 0.4980392156862745 0.0
0.2549019607843137 1.0 0.4901960784313726 0.0
0.25882352941176473 1.0 0.48235294117647065 0.0
0.2627450980392157 1.0 0.4745098039215687 0.0
0.26666666666666666 1.0 0.4666666666666668 0.0
0.27058823529411763 1.0 0.45882352941176485 0.0
0.27450980392156865 1.0 0.4509803921568627 0.0
0.2784313725490196 1.0 0.44313725490196076 0.0
0.2823529411764706 1.0 0.43529411764705883 0.0
0.28627450980392155 1.0 0.4274509803921569 0.0
0.2901960784313726 1.0 0.41960784313725497 0.0
0.29411764705882354 1.0 0.4117647058823528 0.0
0.2980392156862745 1.0 0.4039215686274509 0.0
0.30196078431372547 1.0 0.39607843137254894 0.0
0.3058823529411765 1.0 0.388235294117647 0.0
0.30980392156862746 1.0 0.3803921568627451 0.0
0.3137254901960784 1.0 0.37254901960784315 0.0
0.3176470588235294 1.0 0.3647058823529412 0.0
0.3215686274509804 1.0 0.3568627450980393 0.0
0.3254901960784314 1.0 0.34901960784313735 0.0
0.32941176470588235 1.0 0.3411764705882354 0.0
0.3333333333333333 1.0 0.3333333333333335 0.0
0.33725490196078434 0.9941176470588236 0.3254901960784313 0.0
0.3411764705882353 0.9882352941176471 0.3176470588235294 0.0
0.34509803921568627 0.9823529411764707 0.30980392156862746 0.0
0.34901960784313724 0.9764705882352942 0.3019607843137255 0.0
0.35294117647058826 0.9705882352941178 0.2941176470588236 0.0
0.3568627450980392 0.9647058823529411 0.28627450980392144 0.0
0.3607843137254902 0.9588235294117646 0.2784313725490195 0.0
0.36470588235294116 0.9529411764705882 0.2705882352941176 0.0
0.3686274509803922 0.9470588235294117 0.26274509803921564 0.0
0.37254901960784315 0.9411764705882353 0.2549019607843137 0.0
0.3764705882352941 0.9352941176470588 0.24705882352941178 0.0
0.3803921568627451 0.9294117647058824 0.23921568627450984 0.0
0.3843137254901961 0.9235294117647059 0.2313725490196079 0.0
0.38823529411764707 0.9176470588235295 0.22352941176470598 0.0
0.39215686274509803 0.911764705882353 0.21568627450980404 0.0
0.396078431372549 0.9058823529411766 0.2078431372549021 0.0
0.4 0.8999999999999999 0.19999999999999996 0.0
0.403921568627451 0.8941176470588235 0.19215686274509802 0.0
0.40784313725490196 0.888235294117647 0.1843137254901961 0.0
0.4117647058823529 0.8823529411764706 0.17647058823529416 0.0
0.41568627450980394 0.8764705882352941 0.16862745098039222 0.0
0.4196078431372549 0.8705882352941176 0.16078431372549007 0.0
0.4235294117647059 0.8647058823529411 0.15294117647058814 0.0
0.42745098039215684 0.8588235294117647 0.1450980392156862 0.0
0.43137254901960786 0.8529411764705882 0.13725490196078427 0.0
0.43529411764705883 0.8470588235294118 0.12941176470588234 0.0
0.4392156862745098 0.8411764705882353 0.1215686274509804 0.0
0.44313725490196076 0.8352941176470589 0.11372549019607847 0.0
0.4470588235294118 0.8294117647058824 0.10588235294117654 0.0
0.45098039215686275 0.823529411764706 0.0980392156862746 0.0
0.4549019607843137 0.8176470588235295 0.09019607843137267 0.0
0.4588235294117647 0.811764705882353 0.08235294117647074 0.0
0.4627450980392157 0.8058823529411765 0.07450980392156858 0.0
0.4666666666666667 0.8 0.06666666666666665 0.0
0.47058823529411764 0.7941176470588236 0.05882352941176472 0.0
0.4745098039215686 0.7882352941176471 0.050980392156862786 0.0
0.47843137254901963 0.7823529411764707 0.04313725490196085 0.0
0.4823529411764706 0.776470588235294 0.0352941176470587 0.0
0.48627450980392156 0.7705882352941176 0.027450980392156765 0.0
0.49019607843137253 0.7647058823529411 0.019607843137254832 0.0
0.49411764705882355 0.7588235294117647 0.0117647058823529 0.0
0.4980392156862745 0.7529411764705882 0.0039215686274509665 0.0
0.5019607843137255 0.7470588235294118 0.0 0.0
0.5058823529411764 0.7411764705882353 0.0 0.0
0.5098039215686274 0.7352941176470589 0.0 0.0
0.5137254901960784 0.7294117647058824 0.0 0.0
0.5176470588235295 0.723529411764706 0.0 0.0
0.5215686274509804 0.7176470588235293 0.0 0.0
0.5254901960784314 0.7117647058823529 0.0 0.0
0.5294117647058824 0.7058823529411764 0.0 0.0
0.5333333333333333 0.7 0.0 0.0
0.5372549019607843 0.6941176470588235 0.0 0.0
0.5411764705882353 0.6882352941176471 0.0 0.0
0.5450980392156862 0.6823529411764706 0.0 0.0
0.5490196078431373 0.676470588235294 0.0 0.0
0.5529411764705883 0.6705882352941176 0.0 0.0
0.5568627450980392 0.6647058823529411 0.0 0.0
0.5607843137254902 0.6588235294117647 0.0 0.0
0.5647058823529412 0.6529411764705882 0.0 0.0
0.5686274509803921 0.6470588235294118 0.0 0.0
0.5725490196078431 0.6411764705882353 0.0 0.0
0.5764705882352941 0.6352941176470589 0.0 0.0
0.5803921568627451 0.6294117647058824 0.0 0.0
0.5843137254901961 0.6235294117647059 0.0 0.0
0.5882352941176471 0.6176470588235294 0.0 0.0
0.592156862745098 0.611764705882353 0.0 0.0
0.596078431372549 0.6058823529411765 0.0 0.0
0.6 0.6000000000000001 0.0 0.0
0.6039215686274509 0.5941176470588236 0.0 0.0
0.6078431372549019 0.5882352941176472 0.0 0.0
0.611764705882353 0.5823529411764705 0.0 0.0
0.615686274509804 0.5764705882352941 0.0 0.0
0.6196078431372549 0.5705882352941176 0.0 0.0
0.6235294117647059 0.5647058823529412 0.0 0.0
0.6274509803921569 0.5588235294117647 0.0 0.0
0.6313725490196078 0.5529411764705883 0.0 0.0
0.6352941176470588 0.5470588235294118 0.0 0.0
0.6392156862745098 0.5411764705882354 0.0 0.0
0.6431372549019608 0.5352941176470589 0.0 0.0
0.6470588235294118 0.5294117647058822 0.0 0.0
0.6509803921568628 0.5235294117647058 0.0 0.0
0.6549019607843137 0.5176470588235293 0.0 0.0
0.6588235294117647 0.5117647058823529 0.0 0.0
0.6627450980392157 0.5058823529411764 0.0 0.0
0.6666666666666666 0.5 0.0 0.0
0.6705882352941176 0.4941176470588236 0.0 0.0
0.6745098039215687 0.488235294117647 0.0 0.0
0.6784313725490196 0.48235294117647054 0.0 0.0
0.6823529411764706 0.4764705882352941 0.0 0.0
0.6862745098039216 0.47058823529411764 0.0 0.0
0.6901960784313725 0.4647058823529412 0.0 0.0
0.6941176470588235 0.45882352941176474 0.0 0.0
0.6980392156862745 0.4529411764705883 0.0 0.0
0.7019607843137254 0.44705882352941184 0.0 0.0
0.7058823529411765 0.4411764705882354 0.0 0.0
0.7098039215686275 0.4352941176470588 0.0 0.0
0.7137254901960784 0.4294117647058823 0.0 0.0
0.7176470588235294 0.4235294117647059 0.0 0.0
0.7215686274509804 0.4176470588235294 0.0 0.0
0.7254901960784313 0.411764705882353 0.0 0.0
0.7294117647058823 0.4058823529411765 0.0 0.0
0.7333333333333333 0.4000000000000001 0.0 0.0
0.7372549019607844 0.39411764705882346 0.0 0.0
0.7411764705882353 0.388235294117647 0.0 0.0
0.7450980392156863 0.38235294117647056 0.0 0.0
0.7490196078431373 0.3764705882352941 0.0 0.0
0.7529411764705882 0.37058823529411766 0.0 0.0
0.7568627450980392 0.3647058823529412 0.0 0.0
0.7607843137254902 0.35882352941176476 0.0 0.0
0.7647058823529411 0.3529411764705883 0.0 0.0
0.7686274509803922 0.34705882352941186 0.0 0.0
0.7725490196078432 0.34117647058823525 0.0 0.0
0.7764705882352941 0.3352941176470588 0.0 0.0
0.7803921568627451 0.32941176470588235 0.0 0.0
0.7843137254901961 0.3235294117647059 0.0 0.0
0.788235294117647 0.31764705882352945 0.0 0.0
0.792156862745098 0.311764705882353 0.0 0.0
0.796078431372549 0.30588235294117655 0.0 0.0
0.8 0.29999999999999993 0.0 0.0
0.803921568627451 0.2941176470588235 0.0 0.0
0.807843137254902 0.28823529411764703 0.0 0.0
0.8117647058823529 0.2823529411764706 0.0 0.0
0.8156862745098039 0.27647058823529413 0.0 0.0
0.8196078431372549 0.2705882352941177 0.0 0.0
0.8235294117647058 0.26470588235294124 0.0 0.0
0.8274509803921568 0.2588235294117648 0.0 0.0
0.8313725490196079 0.25294117647058834 0.0 0.0
0.8352941176470589 0.24705882352941172 0.0 0.0
0.8392156862745098 0.24117647058823527 0.0 0.0
0.8431372549019608 0.23529411764705882 0.0 0.0
0.8470588235294118 0.22941176470588237 0.0 0.0
0.8509803921568627 0.22352941176470592 0.0 0.0
0.8549019607843137 0.21764705882352947 0.0 0.0
0.8588235294117647 0.21176470588235302 0.0 0.0
0.8627450980392157 0.2058823529411764 0.0 0.0
0.8666666666666667 0.19999999999999996 0.0 0.0
0.8705882352941177 0.1941176470588235 0.0 0.0
0.8745098039215686 0.18823529411764706 0.0 0.0
0.8784313725490196 0.1823529411764706 0.0 0.0
0.8823529411764706 0.17647058823529416 0.0 0.0
0.8862745098039215 0.1705882352941177 0.0 0.0
0.8901960784313725 0.16470588235294126 0.0 0.0
0.8941176470588236 0.1588235294117648 0.0 0.0
0.8980392156862745 0.1529411764705882 0.0 0.0
0.9019607843137255 0.14705882352941174 0.0 0.0
0.9058823529411765 0.1411764705882353 0.0 0.0
0.9098039215686274 0.13529411764705884 0.0 0.0
0.9137254901960784 0.1294117647058824 0.0 0.0
0.9176470588235294 0.12352941176470594 0.0 0.0
0.9215686274509803 0.1176470588235295 0.0 0.0
0.9254901960784314 0.11176470588235288 0.0 0.0
0.9294117647058824 0.10588235294117643 0.0 0.0
0.9333333333333333 0.09999999999999998 0.0 0.0
0.9372549019607843 0.09411764705882353 0.0 0.0
0.9411764705882353 0.08823529411764708 0.0 0.0
0.9450980392156862 0.08235294117647063 0.0 0.0
0.9490196078431372 0.07647058823529418 0.0 0.0
0.9529411764705882 0.07058823529411773 0.0 0.0
0.9568627450980393 0.06470588235294128 0.0 0.0
0.9607843137254902 0.05882352941176466 0.0 0.0
0.9647058823529412 0.052941176470588214 0.0 0.0
0.9686274509803922 0.047058823529411764 0.0 0.0
0.9725490196078431 0.041176470588235314 0.0 0.0
0.9764705882352941 0.035294117647058865 0.0 0.0
0.9803921568627451 0.029411764705882415 0.0 0.0
0.984313725490196 0.023529411764705965 0.0 0.0
0.9882352941176471 0.01764705882352935 0.0 0.0
0.9921568627450981 0.0117647058823529 0.0 0.0
0.996078431372549 0.00588235294117645 0.0 0.0
1.0 0.0 0.0 0.0
