       0.000000       0.000000
       0.013726       0.000000
       0.032329       0.000000
       0.057395       0.000000
       0.090905       0.000000
       0.135238       0.000000
       0.193085       0.000000
       0.267221       0.000000
       0.360071       0.000000
       0.473068       0.000000
       0.605873       0.000000
       0.755717       0.000000
       0.917191       0.000000
       1.082808       0.000000
       1.244283       0.000000
       1.394127       0.000000
       1.526932       0.000000
       1.639929       0.000000
       1.732779       0.000000
       1.806915       0.000000
       1.864762       0.000000
       1.909095       0.000000
       1.942605       0.000000
       1.967671       0.000000
       1.986274       0.000000
       2.000000       0.000000
       0.000000       0.000000
       0.000000       0.000000

       0.000000       0.013726
       0.013726       0.013726
       0.032329       0.013726
       0.057395       0.013726
       0.090905       0.013726
       0.135238       0.013726
       0.193085       0.013726
       0.267221       0.013726
       0.360071       0.013726
       0.473068       0.013726
       0.605873       0.013726
       0.755717       0.013726
       0.917191       0.013726
       1.082808       0.013726
       1.244283       0.013726
       1.394127       0.013726
       1.526932       0.013726
       1.639929       0.013726
       1.732779       0.013726
       1.806915       0.013726
       1.864762       0.013726
       1.909095       0.013726
       1.942605       0.013726
       1.967671       0.013726
       1.986274       0.013726
       2.000000       0.013726
       0.000000       0.013726
       0.000000       0.013726

       0.000000       0.032329
       0.013726       0.032329
       0.032329       0.032329
       0.057395       0.032329
       0.090905       0.032329
       0.135238       0.032329
       0.193085       0.032329
       0.267221       0.032329
       0.360071       0.032329
       0.473068       0.032329
       0.605873       0.032329
       0.755717       0.032329
       0.917191       0.032329
       1.082808       0.032329
       1.244283       0.032329
       1.394127       0.032329
       1.526932       0.032329
       1.639929       0.032329
       1.732779       0.032329
       1.806915       0.032329
       1.864762       0.032329
       1.909095       0.032329
       1.942605       0.032329
       1.967671       0.032329
       1.986274       0.032329
       2.000000       0.032329
       0.000000       0.032329
       0.000000       0.032329

       0.000000       0.057395
       0.013726       0.057395
       0.032329       0.057395
       0.057395       0.057395
       0.090905       0.057395
       0.135238       0.057395
       0.193085       0.057395
       0.267221       0.057395
       0.360071       0.057395
       0.473068       0.057395
       0.605873       0.057395
       0.755717       0.057395
       0.917191       0.057395
       1.082808       0.057395
       1.244283       0.057395
       1.394127       0.057395
       1.526932       0.057395
       1.639929       0.057395
       1.732779       0.057395
       1.806915       0.057395
       1.864762       0.057395
       1.909095       0.057395
       1.942605       0.057395
       1.967671       0.057395
       1.986274       0.057395
       2.000000       0.057395
       0.000000       0.057395
       0.000000       0.057395

       0.000000       0.090905
       0.013726       0.090905
       0.032329       0.090905
       0.057395       0.090905
       0.090905       0.090905
       0.135238       0.090905
       0.193085       0.090905
       0.267221       0.090905
       0.360071       0.090905
       0.473068       0.090905
       0.605873       0.090905
       0.755717       0.090905
       0.917191       0.090905
       1.082808       0.090905
       1.244283       0.090905
       1.394127       0.090905
       1.526932       0.090905
       1.639929       0.090905
       1.732779       0.090905
       1.806915       0.090905
       1.864762       0.090905
       1.909095       0.090905
       1.942605       0.090905
       1.967671       0.090905
       1.986274       0.090905
       2.000000       0.090905
       0.000000       0.090905
       0.000000       0.090905

       0.000000       0.135238
       0.013726       0.135238
       0.032329       0.135238
       0.057395       0.135238
       0.090905       0.135238
       0.135238       0.135238
       0.193085       0.135238
       0.267221       0.135238
       0.360071       0.135238
       0.473068       0.135238
       0.605873       0.135238
       0.755717       0.135238
       0.917191       0.135238
       1.082808       0.135238
       1.244283       0.135238
       1.394127       0.135238
       1.526932       0.135238
       1.639929       0.135238
       1.732779       0.135238
       1.806915       0.135238
       1.864762       0.135238
       1.909095       0.135238
       1.942605       0.135238
       1.967671       0.135238
       1.986274       0.135238
       2.000000       0.135238
       0.000000       0.135238
       0.000000       0.135238

       0.000000       0.193085
       0.013726       0.193085
       0.032329       0.193085
       0.057395       0.193085
       0.090905       0.193085
       0.135238       0.193085
       0.193085       0.193085
       0.267221       0.193085
       0.360071       0.193085
       0.473068       0.193085
       0.605873       0.193085
       0.755717       0.193085
       0.917191       0.193085
       1.082808       0.193085
       1.244283       0.193085
       1.394127       0.193085
       1.526932       0.193085
       1.639929       0.193085
       1.732779       0.193085
       1.806915       0.193085
       1.864762       0.193085
       1.909095       0.193085
       1.942605       0.193085
       1.967671       0.193085
       1.986274       0.193085
       2.000000       0.193085
       0.000000       0.193085
       0.000000       0.193085

       0.000000       0.267221
       0.013726       0.267221
       0.032329       0.267221
       0.057395       0.267221
       0.090905       0.267221
       0.135238       0.267221
       0.193085       0.267221
       0.267221       0.267221
       0.360071       0.267221
       0.473068       0.267221
       0.605873       0.267221
       0.755717       0.267221
       0.917191       0.267221
       1.082808       0.267221
       1.244283       0.267221
       1.394127       0.267221
       1.526932       0.267221
       1.639929       0.267221
       1.732779       0.267221
       1.806915       0.267221
       1.864762       0.267221
       1.909095       0.267221
       1.942605       0.267221
       1.967671       0.267221
       1.986274       0.267221
       2.000000       0.267221
       0.000000       0.267221
       0.000000       0.267221

       0.000000       0.360071
       0.013726       0.360071
       0.032329       0.360071
       0.057395       0.360071
       0.090905       0.360071
       0.135238       0.360071
       0.193085       0.360071
       0.267221       0.360071
       0.360071       0.360071
       0.473068       0.360071
       0.605873       0.360071
       0.755717       0.360071
       0.917191       0.360071
       1.082808       0.360071
       1.244283       0.360071
       1.394127       0.360071
       1.526932       0.360071
       1.639929       0.360071
       1.732779       0.360071
       1.806915       0.360071
       1.864762       0.360071
       1.909095       0.360071
       1.942605       0.360071
       1.967671       0.360071
       1.986274       0.360071
       2.000000       0.360071
       0.000000       0.360071
       0.000000       0.360071

       0.000000       0.473068
       0.013726       0.473068
       0.032329       0.473068
       0.057395       0.473068
       0.090905       0.473068
       0.135238       0.473068
       0.193085       0.473068
       0.267221       0.473068
       0.360071       0.473068
       0.473068       0.473068
       0.605873       0.473068
       0.755717       0.473068
       0.917191       0.473068
       1.082808       0.473068
       1.244283       0.473068
       1.394127       0.473068
       1.526932       0.473068
       1.639929       0.473068
       1.732779       0.473068
       1.806915       0.473068
       1.864762       0.473068
       1.909095       0.473068
       1.942605       0.473068
       1.967671       0.473068
       1.986274       0.473068
       2.000000       0.473068
       0.000000       0.473068
       0.000000       0.473068

       0.000000       0.605873
       0.013726       0.605873
       0.032329       0.605873
       0.057395       0.605873
       0.090905       0.605873
       0.135238       0.605873
       0.193085       0.605873
       0.267221       0.605873
       0.360071       0.605873
       0.473068       0.605873
       0.605873       0.605873
       0.755717       0.605873
       0.917191       0.605873
       1.082808       0.605873
       1.244283       0.605873
       1.394127       0.605873
       1.526932       0.605873
       1.639929       0.605873
       1.732779       0.605873
       1.806915       0.605873
       1.864762       0.605873
       1.909095       0.605873
       1.942605       0.605873
       1.967671       0.605873
       1.986274       0.605873
       2.000000       0.605873
       0.000000       0.605873
       0.000000       0.605873

       0.000000       0.755717
       0.013726       0.755717
       0.032329       0.755717
       0.057395       0.755717
       0.090905       0.755717
       0.135238       0.755717
       0.193085       0.755717
       0.267221       0.755717
       0.360071       0.755717
       0.473068       0.755717
       0.605873       0.755717
       0.755717       0.755717
       0.917191       0.755717
       1.082808       0.755717
       1.244283       0.755717
       1.394127       0.755717
       1.526932       0.755717
       1.639929       0.755717
       1.732779       0.755717
       1.806915       0.755717
       1.864762       0.755717
       1.909095       0.755717
       1.942605       0.755717
       1.967671       0.755717
       1.986274       0.755717
       2.000000       0.755717
       0.000000       0.755717
       0.000000       0.755717

       0.000000       0.917191
       0.013726       0.917191
       0.032329       0.917191
       0.057395       0.917191
       0.090905       0.917191
       0.135238       0.917191
       0.193085       0.917191
       0.267221       0.917191
       0.360071       0.917191
       0.473068       0.917191
       0.605873       0.917191
       0.755717       0.917191
       0.917191       0.917191
       1.082808       0.917191
       1.244283       0.917191
       1.394127       0.917191
       1.526932       0.917191
       1.639929       0.917191
       1.732779       0.917191
       1.806915       0.917191
       1.864762       0.917191
       1.909095       0.917191
       1.942605       0.917191
       1.967671       0.917191
       1.986274       0.917191
       2.000000       0.917191
       0.000000       0.917191
       0.000000       0.917191

       0.000000       1.082808
       0.013726       1.082808
       0.032329       1.082808
       0.057395       1.082808
       0.090905       1.082808
       0.135238       1.082808
       0.193085       1.082808
       0.267221       1.082808
       0.360071       1.082808
       0.473068       1.082808
       0.605873       1.082808
       0.755717       1.082808
       0.917191       1.082808
       1.082808       1.082808
       1.244283       1.082808
       1.394127       1.082808
       1.526932       1.082808
       1.639929       1.082808
       1.732779       1.082808
       1.806915       1.082808
       1.864762       1.082808
       1.909095       1.082808
       1.942605       1.082808
       1.967671       1.082808
       1.986274       1.082808
       2.000000       1.082808
       0.000000       1.082808
       0.000000       1.082808

       0.000000       1.244283
       0.013726       1.244283
       0.032329       1.244283
       0.057395       1.244283
       0.090905       1.244283
       0.135238       1.244283
       0.193085       1.244283
       0.267221       1.244283
       0.360071       1.244283
       0.473068       1.244283
       0.605873       1.244283
       0.755717       1.244283
       0.917191       1.244283
       1.082808       1.244283
       1.244283       1.244283
       1.394127       1.244283
       1.526932       1.244283
       1.639929       1.244283
       1.732779       1.244283
       1.806915       1.244283
       1.864762       1.244283
       1.909095       1.244283
       1.942605       1.244283
       1.967671       1.244283
       1.986274       1.244283
       2.000000       1.244283
       0.000000       1.244283
       0.000000       1.244283

       0.000000       1.394127
       0.013726       1.394127
       0.032329       1.394127
       0.057395       1.394127
       0.090905       1.394127
       0.135238       1.394127
       0.193085       1.394127
       0.267221       1.394127
       0.360071       1.394127
       0.473068       1.394127
       0.605873       1.394127
       0.755717       1.394127
       0.917191       1.394127
       1.082808       1.394127
       1.244283       1.394127
       1.394127       1.394127
       1.526932       1.394127
       1.639929       1.394127
       1.732779       1.394127
       1.806915       1.394127
       1.864762       1.394127
       1.909095       1.394127
       1.942605       1.394127
       1.967671       1.394127
       1.986274       1.394127
       2.000000       1.394127
       0.000000       1.394127
       0.000000       1.394127

       0.000000       1.526932
       0.013726       1.526932
       0.032329       1.526932
       0.057395       1.526932
       0.090905       1.526932
       0.135238       1.526932
       0.193085       1.526932
       0.267221       1.526932
       0.360071       1.526932
       0.473068       1.526932
       0.605873       1.526932
       0.755717       1.526932
       0.917191       1.526932
       1.082808       1.526932
       1.244283       1.526932
       1.394127       1.526932
       1.526932       1.526932
       1.639929       1.526932
       1.732779       1.526932
       1.806915       1.526932
       1.864762       1.526932
       1.909095       1.526932
       1.942605       1.526932
       1.967671       1.526932
       1.986274       1.526932
       2.000000       1.526932
       0.000000       1.526932
       0.000000       1.526932

       0.000000       1.639929
       0.013726       1.639929
       0.032329       1.639929
       0.057395       1.639929
       0.090905       1.639929
       0.135238       1.639929
       0.193085       1.639929
       0.267221       1.639929
       0.360071       1.639929
       0.473068       1.639929
       0.605873       1.639929
       0.755717       1.639929
       0.917191       1.639929
       1.082808       1.639929
       1.244283       1.639929
       1.394127       1.639929
       1.526932       1.639929
       1.639929       1.639929
       1.732779       1.639929
       1.806915       1.639929
       1.864762       1.639929
       1.909095       1.639929
       1.942605       1.639929
       1.967671       1.639929
       1.986274       1.639929
       2.000000       1.639929
       0.000000       1.639929
       0.000000       1.639929

       0.000000       1.732779
       0.013726       1.732779
       0.032329       1.732779
       0.057395       1.732779
       0.090905       1.732779
       0.135238       1.732779
       0.193085       1.732779
       0.267221       1.732779
       0.360071       1.732779
       0.473068       1.732779
       0.605873       1.732779
       0.755717       1.732779
       0.917191       1.732779
       1.082808       1.732779
       1.244283       1.732779
       1.394127       1.732779
       1.526932       1.732779
       1.639929       1.732779
       1.732779       1.732779
       1.806915       1.732779
       1.864762       1.732779
       1.909095       1.732779
       1.942605       1.732779
       1.967671       1.732779
       1.986274       1.732779
       2.000000       1.732779
       0.000000       1.732779
       0.000000       1.732779

       0.000000       1.806915
       0.013726       1.806915
       0.032329       1.806915
       0.057395       1.806915
       0.090905       1.806915
       0.135238       1.806915
       0.193085       1.806915
       0.267221       1.806915
       0.360071       1.806915
       0.473068       1.806915
       0.605873       1.806915
       0.755717       1.806915
       0.917191       1.806915
       1.082808       1.806915
       1.244283       1.806915
       1.394127       1.806915
       1.526932       1.806915
       1.639929       1.806915
       1.732779       1.806915
       1.806915       1.806915
       1.864762       1.806915
       1.909095       1.806915
       1.942605       1.806915
       1.967671       1.806915
       1.986274       1.806915
       2.000000       1.806915
       0.000000       1.806915
       0.000000       1.806915

       0.000000       1.864762
       0.013726       1.864762
       0.032329       1.864762
       0.057395       1.864762
       0.090905       1.864762
       0.135238       1.864762
       0.193085       1.864762
       0.267221       1.864762
       0.360071       1.864762
       0.473068       1.864762
       0.605873       1.864762
       0.755717       1.864762
       0.917191       1.864762
       1.082808       1.864762
       1.244283       1.864762
       1.394127       1.864762
       1.526932       1.864762
       1.639929       1.864762
       1.732779       1.864762
       1.806915       1.864762
       1.864762       1.864762
       1.909095       1.864762
       1.942605       1.864762
       1.967671       1.864762
       1.986274       1.864762
       2.000000       1.864762
       0.000000       1.864762
       0.000000       1.864762

       0.000000       1.909095
       0.013726       1.909095
       0.032329       1.909095
       0.057395       1.909095
       0.090905       1.909095
       0.135238       1.909095
       0.193085       1.909095
       0.267221       1.909095
       0.360071       1.909095
       0.473068       1.909095
       0.605873       1.909095
       0.755717       1.909095
       0.917191       1.909095
       1.082808       1.909095
       1.244283       1.909095
       1.394127       1.909095
       1.526932       1.909095
       1.639929       1.909095
       1.732779       1.909095
       1.806915       1.909095
       1.864762       1.909095
       1.909095       1.909095
       1.942605       1.909095
       1.967671       1.909095
       1.986274       1.909095
       2.000000       1.909095
       0.000000       1.909095
       0.000000       1.909095

       0.000000       1.942605
       0.013726       1.942605
       0.032329       1.942605
       0.057395       1.942605
       0.090905       1.942605
       0.135238       1.942605
       0.193085       1.942605
       0.267221       1.942605
       0.360071       1.942605
       0.473068       1.942605
       0.605873       1.942605
       0.755717       1.942605
       0.917191       1.942605
       1.082808       1.942605
       1.244283       1.942605
       1.394127       1.942605
       1.526932       1.942605
       1.639929       1.942605
       1.732779       1.942605
       1.806915       1.942605
       1.864762       1.942605
       1.909095       1.942605
       1.942605       1.942605
       1.967671       1.942605
       1.986274       1.942605
       2.000000       1.942605
       0.000000       1.942605
       0.000000       1.942605

       0.000000       1.967671
       0.013726       1.967671
       0.032329       1.967671
       0.057395       1.967671
       0.090905       1.967671
       0.135238       1.967671
       0.193085       1.967671
       0.267221       1.967671
       0.360071       1.967671
       0.473068       1.967671
       0.605873       1.967671
       0.755717       1.967671
       0.917191       1.967671
       1.082808       1.967671
       1.244283       1.967671
       1.394127       1.967671
       1.526932       1.967671
       1.639929       1.967671
       1.732779       1.967671
       1.806915       1.967671
       1.864762       1.967671
       1.909095       1.967671
       1.942605       1.967671
       1.967671       1.967671
       1.986274       1.967671
       2.000000       1.967671
       0.000000       1.967671
       0.000000       1.967671

       0.000000       1.986274
       0.013726       1.986274
       0.032329       1.986274
       0.057395       1.986274
       0.090905       1.986274
       0.135238       1.986274
       0.193085       1.986274
       0.267221       1.986274
       0.360071       1.986274
       0.473068       1.986274
       0.605873       1.986274
       0.755717       1.986274
       0.917191       1.986274
       1.082808       1.986274
       1.244283       1.986274
       1.394127       1.986274
       1.526932       1.986274
       1.639929       1.986274
       1.732779       1.986274
       1.806915       1.986274
       1.864762       1.986274
       1.909095       1.986274
       1.942605       1.986274
       1.967671       1.986274
       1.986274       1.986274
       2.000000       1.986274
       0.000000       1.986274
       0.000000       1.986274

       0.000000       2.000000
       0.013726       2.000000
       0.032329       2.000000
       0.057395       2.000000
       0.090905       2.000000
       0.135238       2.000000
       0.193085       2.000000
       0.267221       2.000000
       0.360071       2.000000
       0.473068       2.000000
       0.605873       2.000000
       0.755717       2.000000
       0.917191       2.000000
       1.082808       2.000000
       1.244283       2.000000
       1.394127       2.000000
       1.526932       2.000000
       1.639929       2.000000
       1.732779       2.000000
       1.806915       2.000000
       1.864762       2.000000
       1.909095       2.000000
       1.942605       2.000000
       1.967671       2.000000
       1.986274       2.000000
       2.000000       2.000000
       0.000000       2.000000
       0.000000       2.000000

       0.000000       0.000000
       0.013726       0.000000
       0.032329       0.000000
       0.057395       0.000000
       0.090905       0.000000
       0.135238       0.000000
       0.193085       0.000000
       0.267221       0.000000
       0.360071       0.000000
       0.473068       0.000000
       0.605873       0.000000
       0.755717       0.000000
       0.917191       0.000000
       1.082808       0.000000
       1.244283       0.000000
       1.394127       0.000000
       1.526932       0.000000
       1.639929       0.000000
       1.732779       0.000000
       1.806915       0.000000
       1.864762       0.000000
       1.909095       0.000000
       1.942605       0.000000
       1.967671       0.000000
       1.986274       0.000000
       2.000000       0.000000
       0.000000       0.000000
       0.000000       0.000000

       0.000000       0.000000
       0.013726       0.000000
       0.032329       0.000000
       0.057395       0.000000
       0.090905       0.000000
       0.135238       0.000000
       0.193085       0.000000
       0.267221       0.000000
       0.360071       0.000000
       0.473068       0.000000
       0.605873       0.000000
       0.755717       0.000000
       0.917191       0.000000
       1.082808       0.000000
       1.244283       0.000000
       1.394127       0.000000
       1.526932       0.000000
       1.639929       0.000000
       1.732779       0.000000
       1.806915       0.000000
       1.864762       0.000000
       1.909095       0.000000
       1.942605       0.000000
       1.967671       0.000000
       1.986274       0.000000
       2.000000       0.000000
       0.000000       0.000000
       0.000000       0.000000

