           1                  Infinity
           2                  Infinity
           3                  Infinity
           4                  Infinity
           5                  Infinity
           6                  Infinity
           7   51183684.455893040     
           8   76580.014549196756     
           9   14765.118203176715     
          10   6246.5457376560771     
          11   3703.8225149170671     
          12   2617.8499172279248     
          13   2042.2903039652108     
          14   1687.5147718683254     
          15   1442.5593363741677     
          16   1258.3349246081166     
          17   1110.8944747262242     
          18   987.66790342743013     
          19   881.63031223406063     
          20   788.61509488496699     
          21   706.00207235452092     
          22   632.04742303920352     
          23   565.52660493239568     
          24   505.53537214578176     
          25   451.37367243091404     
          26   402.47502196771529     
          27   358.36220446781692     
          28   318.61905135195479     
          29   282.87248512910236     
          30   250.78128451517134     
          31   222.02927473859077     
          32   196.32138712248275     
          33   173.38151319835956     
          34   152.95141320603116     
          35   134.79018023544475     
          36   118.67393690832702     
          37   104.39556777733408     
          38   91.764379058099351     
          39   80.605636916062579     
          40   70.759973637163682     
          41   62.082673568398249     
          42   54.442862439114997     
          43   47.722628189730194     
          44   41.816101431991989     
          45   36.628521062398015     
          46   32.075306665419340     
          47   28.081155032987102     
          48   24.579173918911746     
          49   21.510062335491352     
          50   18.821343422765445     
          51   16.466653218286030     
          52   14.405086505916342     
          53   12.600599273135598     
          54   11.021466089677054     
          55   9.6397898649193028     
          56   8.4310608794200839     
          57   7.3737616556716823     
          58   6.4490140811772347     
          59   5.6402651790623519     
          60   4.9330080004551906     
          61   4.3145342589911078     
          62   3.7737155191356835     
          63   3.3008099667451827     
          64   2.8872920205131911     
          65   2.5257022760485937     
          66   2.2095155033818914     
          67   1.9330246381670269     
          68   1.6912389148149984     
          69   1.4797944833001329     
          70   1.2948760297687831     
          71   1.1331480841956596     
          72  0.99169484695782828     
          73  0.86796749961469655     
          74  0.75973808551912880     
          75  0.66505915366035295     
          76  0.58222845488511354     
          77  0.50975806489339137     
          78  0.44634738432972404     
          79  0.39085953279737595     
          80  0.34230071328493139     
          81  0.29980217493865480     
          82  0.26260444889597945     
          83  0.23004357142648665     
          84  0.20153904480982143     
          85  0.17658331711239283     
          86  0.15473258951358165     
          87  0.13559878401008529     
          88  0.11884252474400613     
          89  0.10416700550560631     
          90   9.1312631028263425E-002
          91   8.0052334663356289E-002
          92   7.0187486905549712E-002
          93   6.1544319955100006E-002
          94   5.3970803378492985E-002
          95   4.7333913572080090E-002
          96   4.1517247521923470E-002
          97   3.6418937102044482E-002
          98   3.1949826261105485E-002
          99   2.8031877483334813E-002
         100   2.4596778970660059E-002
         101   2.1584726923472242E-002
         102   1.8943360987807533E-002
         103   1.6626833407586680E-002
         104   1.4594995147668851E-002
         105   1.2812684146759096E-002
         106   1.1249102868335368E-002
         107   9.8772739597755010E-003
         108   8.6735639807602911E-003
         109   7.6172669338564246E-003
         110   6.6902398244479081E-003
         111   5.8765838338397684E-003
         112   5.1623653538492801E-003
         113   4.5353718274684851E-003
         114   3.9848981497330590E-003
         115   3.5015596037486951E-003
         116   3.0771282129279519E-003
         117   2.7043894676242243E-003
         118   2.3770168061244901E-003
         119   2.0894618336568076E-003
         120   1.8368581057901397E-003
         121   1.6149368840852763E-003
         122   1.4199533465606862E-003
         123   1.2486219935666982E-003
         124   1.0980600110688562E-003
         125   9.6573765693979937E-004
         126   8.4943482807190134E-004
         127   7.4720295734512709E-004
         128   6.5733163343031117E-004
         129   5.7831936703819854E-004
         130   5.0884793052465905E-004
         131   4.4775989219400644E-004
         132   3.9403889474782714E-004
         133   3.4679238618139389E-004
         134   3.0523645807100373E-004
         135   2.6868256840214432E-004
         136   2.3652587523770985E-004
         137   2.0823501546799044E-004
         138   1.8334311319237698E-004
         139   1.6143998084977394E-004
         140   1.4216512537557698E-004
         141   1.2520175626613993E-004
         142   1.1027141758697145E-004
         143   9.7129375533571265E-005
         144   8.5560486122631123E-005
         145   7.5375587751422147E-005
         146   6.6408377403737648E-005
         147   5.8512641746280687E-005
         148   5.1559773704627410E-005
         149   4.5436694937330666E-005
         150   4.0043938024280777E-005
         151   3.5294013364333828E-005
         152   3.1109950608150319E-005
         153   2.7424063581887565E-005
         154   2.4176766819428732E-005
         155   2.1315638713703650E-005
         156   1.8794561742959210E-005
         157   1.6572959792193066E-005
         158   1.4615087341949648E-005
         159   1.2889504871958644E-005
         160   1.1368542881651439E-005
         161   1.0027810869628110E-005
         162   8.8458869149634509E-006
         163   7.8038694438299298E-006
         164   6.8851260648405439E-006
         165   6.0750103925716632E-006
         166   5.3606209921008095E-006
         167   4.7305936026169910E-006
         168   4.1749439831740234E-006
         169   3.6848282824013206E-006
         170   3.2525141312192387E-006
         171   2.8711194837405118E-006
         172   2.5346479291576184E-006
         173   2.2377841335169530E-006
         174   1.9758288620560093E-006
         175   1.7446731478999419E-006
         176   1.5406695290482335E-006
         177   1.3606328090291803E-006
         178   1.2017202052228205E-006
         179   1.0614455141198641E-006
         180   9.3762330537226682E-007
         181   8.2830530983249528E-007
         182   7.3178232129479537E-007
         183   6.4655735796150954E-007
         184   5.7130266257208220E-007
         185   5.0484347645997698E-007
         186   4.4615118786698441E-007
         187   3.9431191686380082E-007
         188   3.4852181831916829E-007
         189   3.0806791397859186E-007
         190   2.7232871117009701E-007
         191   2.4075782439758000E-007
         192   2.1286522168506625E-007
         193   1.8821381371838278E-007
         194   1.6643390228849625E-007
         195   1.4718227914686324E-007
         196   1.3016888586886706E-007
         197   1.1512844996546581E-007
         198   1.0183563913174768E-007
         199   9.0076224055305081E-008
         200   7.9695208745884151E-008
         201   7.0503225040301075E-008
         202   6.2383667672460417E-008
         203   5.5197784680528365E-008
         204   4.8851881172881798E-008
         205   4.3228444106796102E-008
         206   3.8264344179500835E-008
         207   3.3871587038571000E-008
         208   2.9982742021286846E-008
         209   2.6549120821825733E-008
         210   2.3505183920640898E-008
         211   2.0809596503627989E-008
         212   1.8423103566273443E-008
         213   1.6316612471844715E-008
         214   1.4446719965532551E-008
         215   1.2803276401893280E-008
         216   1.1334147768077007E-008
         217   1.0049361192213531E-008
         218   8.9009963621731334E-009
